id	Sex	TrueID	BestAgeLastCapture2	Alive	FirstPL	LastPL	EstAgePL	BestAgeFirstCapture2	FirstCapYear2	LastCapYear2
S2153	Male	202100000031100	11.3	N	66	130	0.945688588	1.3	2003	2013
S2069	Female	103110000091100	8	Y	75	147	2.065836395	1	2011	2018
S710	Female	103110000011100	8	Y	75	137.49	2.065836395	2	2011	2017
S2004	Male	202000000010912	5	Y	77.68	112.13	1.455998937	3	2015	2017
S1258	Female	102120000101100	2	N	78	78	2.250179937	2	2003	2003
S1343	Male	210120000101100	2.6	N	78	155	1.470979108	1.7	2011	2012
S1345	Male	203110000101200	7	Y	80	115.61	1.565950694	2	2011	2016
S1189	Male	201100000010800	1.9	N	82	82	1.663326879	1.9	2007	2007
S2122	Male	212000000081000	4	Y	82.1	92.8	1.668261009	2	2014	2016
S2064	Female	102000000010208	5	Y	82.35	111.84	2.526871	3	2015	2017
S2072	Male	202000000010809	4	Y	83.2	96.4	1.722958366	2	2015	2017
S366	Male	203110000021100	6	N	85	116	1.814175776	2	2011	2015
S5	Female	103000000031112	12	N	88	145.9	2.904298977	2	2005	2015
S398	Male	208090000081200	3	N	88.5	88.5	1.997986021	3	2014	2014
S2075	Male	211000000080911	3	Y	88.94	89.86	2.021727787	2	2016	2017
S353	Male	203100000020300	2.3	N	89	89	2.024976685	2.3	2011	2011
S355	Male	203100000021100	2.2	N	89	89	2.024976685	2.3	2011	2011
S970	Male	201020300090000	13.2	Y	89	132.86	2.024976685	2.3	2005	2016
S357	Male	203100000030800	6.2	N	90	105.4	2.079532974	2.3	2011	2015
S527	Male	209120000110000	13.3	N	90	139.2	2.079532974	2.4	2003	2014
S388	Male	208090000011100	2.5	N	90.2	90.2	2.090537713	2.5	2014	2014
S1259	Female	103000000010900	3	N	92	92	3.185042213	3	2003	2003
S703	Female	102100000030800	17.2	Y	92	146	3.185042213	2.3	2003	2018
S2074	Male	209110000011100	3	Y	92.52	92.52	2.220548298	3	2017	2017
S2015	Male	208120000010300	4	Y	92.92	99.66	2.243414916	3	2016	2017
S2061	Female	103110000030900	8	Y	93	143.72	3.257114987	2	2011	2017
S760	Male	203100000031000	2.5	N	93	93	2.248004599	2.5	2011	2011
S988	Male	202110000011000	2.4	N	93	93	2.248004599	2.4	2011	2011
S995	Male	202110000031100	2.5	N	93	93	2.248004599	2.6	2011	2011
S2036	Male	210110000080900	2	Y	93.49	93.49	2.27623655	2	2017	2017
S1061	Male	201110000030800	11	Y	94	118.14	2.305842589	3	2009	2017
S1173	Male	201100000011100	6.7	N	94	108	2.305842589	2.8	2007	2011
S167	Male	201110000110000	4	N	94	94	2.305842589	4	2000	2000
S226	Male	202090000010900	2.6	N	94	94	2.305842589	2.7	2011	2011
S906	Female	101030000021200	17	N	94	160.8	3.329975457	2	2000	2015
S992	Male	202110000021100	2.6	N	94	94	2.305842589	2.7	2011	2011
S526	Male	209100000010800	2	N	94.6	94.6	2.340967526	2	2014	2014
S2045	Male	203000000020310	6	Y	94.9	125.69	2.358651023	4	2015	2017
S577	Male	212000000081100	2.5	N	94.9	94.9	2.358651023	2.5	2014	2014
S396	Male	208090000080900	2.8	N	95	95	2.364563636	2.8	2014	2014
S399	Male	208090000091100	2.6	N	95	95	2.364563636	2.6	2014	2014
S1003	Male	202120000030900	2.5	N	96	96	2.424195123	2.5	2011	2011
S2065	Male	203110000021200	8	Y	96	129.94	2.424195123	2	2011	2017
S259	Male	202110000011100	5.4	N	96	113.9	2.424195123	2.5	2011	2014
S351	Male	203100000011100	2.5	N	96	96	2.424195123	2.6	2011	2011
S2147	Male	211000000010300	6	Y	96.4	111.25	2.448309019	4	2014	2016
S1054	Male	203120000010200	5	N	97	114	2.484765726	3	2011	2013
S2089	Female	401031100100000	7	Y	97.7	141	3.606702415	3	2014	2018
S2172	Male	209110000030000	2.8	N	98	98	2.546305501	2.8	2003	2003
S331	Male	203090000021100	2.9	N	98	98	2.546305501	3	2011	2011
S385	Male	208000000101100	2.8	N	98.2	98.2	2.558732503	2.8	2014	2014
S1334	Male	201120000010800	5.8	N	98.4	112	2.571199787	2.9	2008	2011
S2017	Male	211120000021200	2.9	Y	98.6	100.09	2.583707616	3	2017	2017
S1034	Male	202000000031200	5.9	Y	99	109.44	2.608845966	2.9	2013	2016
S1208	Male	210110000010000	2.8	N	99	99	2.608845966	2.9	2003	2003
S671	Male	201000000081100	11	N	99	134.5	2.608845966	4	2007	2014
S855	Male	201080000101100	2.9	N	99.1	99.1	2.61515631	3	2008	2008
S1364	Male	201120000081200	7.5	N	99.2	114	2.621477024	3.5	2008	2012
S1285	Male	201090000010000	13	N	100	137	2.672420204	3	2000	2010
S987	Male	202110000010900	5.8	N	100	107.6	2.672420204	2.9	2011	2014
S1392	Male	208090000091200	2.9	N	100.5	100.5	2.70460578	2.9	2015	2015
S495	Male	209100000010900	2.9	N	100.7	100.7	2.717555805	3	2014	2014
S1277	Male	210110000020000	3	N	101	101	2.737062967	3.1	2003	2003
S856	Male	201100000031100	4.4	N	101.2	108	2.750122924	3.5	2008	2009
S2102	Male	212000000011112	2	Y	101.69	101.69	2.7823085	2	2016	2016
S391	Male	208090000020900	3	N	101.9	101.9	2.796185198	3.1	2014	2014
S392	Male	208090000021000	3.1	N	101.9	101.9	2.796185198	3.2	2014	2014
S1040	Female	403000000010800	4	N	102	140.2	3.943434782	3	2013	2014
S2165	Male	211000000091200	2.9	N	102	102	2.802810787	3	2014	2014
S234	Male	202090000021200	5.5	N	102	115	2.802810787	3.5	2011	2013
S310	Male	203000000030900	5.1	N	102	108.2	2.802810787	3.1	2013	2015
S374	Male	208000000020000	9.4	Y	102	132.76	2.802810787	3.5	2011	2017
S885	Female	108090000020300	8.7	N	102.7	154	3.999898116	2.7	2008	2014
S2067	Female	111000000011012	5	Y	102.72	112.87	4.001518402	4	2016	2017
S1018	Male	203090000081100	2.9	N	103	103	2.869702105	2.9	2011	2011
S333	Male	203090000030800	3.1	N	103	103	2.869702105	3.2	2011	2011
S572	Male	212000000030708	4	N	103	103	2.869702105	4	2014	2014
S931	Female	102080000081100	14	N	103	152	4.024243852	4	2003	2013
S1240	Female	102090000030800	16	N	104	144.23	4.106044469	3	2003	2016
S1297	Female	102120000111200	6	N	104	150	4.106044469	4	2003	2005
S208	Male	202000000031000	4.6	N	104	129	2.937777402	3.6	2013	2014
S2186	Male	209120000100000	3.2	N	104	104	2.937777402	3.3	2003	2003
S2187	Male	202110000091000	3.5	N	104	104	2.937777402	3.5	2011	2011
S222	Male	202080000091200	6.3	N	104	118.5	2.937777402	3.4	2011	2014
S290	Male	202120000091200	3.2	N	104	104	2.937777402	3.3	2011	2011
S302	Male	203000000020300	4.6	N	104	99.5	2.937777402	3.7	2013	2014
S535	Male	210000000030800	3.2	N	104	104	2.937777402	3.3	2014	2014
S378	Male	208000000030900	6.9	N	104.5	104.5	2.972272286	7	2014	2014
S836	Male	201030000011000	8.7	N	104.7	117	2.986157333	3.7	2008	2013
S393	Male	208090000021100	5	N	104.8	104.8	2.9931187	5	2014	2014
S1021	Male	201000000020309	4	N	105	105	3.007079346	4	2013	2013
S1229	Female	102090000010800	3	N	105	105	4.188861269	3	2003	2003
S2086	Male	211000000020900	5	Y	105	116.16	3.007079346	3	2014	2016
S2188	Male	202000000021100	3.4	N	105	105	3.007079346	3.5	2013	2013
S291	Male	202120000101100	3.3	N	105	105	3.007079346	3.3	2011	2011
S1385	Male	208000000011200	3.3	N	106	106	3.077652956	3.3	2014	2014
S2014	Male	202080000080900	9.4	Y	106	129.64	3.077652956	3.4	2011	2017
S2066	Male	209100000020900	7	Y	106	115.96	3.077652956	5	2015	2017
S363	Male	203100000101200	8.7	Y	106	116.78	3.077652956	3.7	2011	2016
S503	Male	208110000011100	4	N	106.2	106.2	3.091924416	4	2014	2014
S2085	Male	203110000031200	3.5	Y	106.6	106.6	3.120627189	3.6	2016	2016
S1197	Male	208090000101200	3.6	N	107	107	3.149545776	3.6	2003	2003
S1207	Male	209120000090000	16.5	Y	107	139.91	3.149545776	3.6	2003	2016
S1233	Female	102080000030900	3	N	107	107	4.357646656	3	2003	2003
S149	Male	201000000030911	3.1	N	107	107	3.149545776	3.2	2013	2013
S191	Male	202000000030900	3.4	N	107	107	3.149545776	3.5	2013	2013
S296	Female	103000000010212	6	Y	107	156.89	4.357646656	3	2014	2017
S837	Male	201030000091200	6.7	N	107.2	119	3.164087017	3.7	2008	2011
S2138	Male	210000000030900	6.1	Y	107.4	113.16	3.178683444	4.2	2014	2016
S537	Male	210000000031000	3.6	N	107.4	107.4	3.178683444	3.6	2014	2014
S1014	Male	203090000011100	4.4	N	108	108	3.222808064	4.5	2011	2011
S1198	Male	208090000120000	4.1	N	108	108	3.222808064	4.1	2003	2003
S1242	Female	102090000031100	4	N	108	108	4.443669355	4	2003	2003
S253	Male	202100000081100	7.9	N	108	128.6	3.222808064	3.9	2010	2014
S524	Male	209000000091100	4.4	N	108	108	3.222808064	4.5	2013	2013
S1296	Female	102120000101200	12	N	109	155	4.530816565	4	2003	2011
S154	Male	201000000101100	3.5	N	109	109	3.29749301	3.5	2013	2013
S200	Male	202000000101200	7.2	Y	109	122.47	3.29749301	4.2	2013	2016
S547	Male	210000000111200	10.9	Y	109	124.31	3.29749301	3.9	2010	2017
S390	Male	208090000020800	3.5	N	109.1	109.1	3.305041891	3.5	2014	2014
S555	Male	211000000031100	4.2	N	109.5	109.5	3.335386458	4.2	2014	2014
S1022	Male	201000000030809	3.2	N	110	110	3.373656961	3.3	2013	2013
S1181	Male	209120000080000	9.1	N	110	122.9	3.373656961	4.1	2003	2008
S1292	Male	202110000090000	13.9	N	110	130	3.373656961	3.9	2001	2011
S2181	Male	209120000010000	4	N	110	110	3.373656961	4	2003	2003
S975	Male	202090000020300	10.4	Y	110	123.28	3.373656961	4.5	2011	2017
S510	Male	208110000041300	6.9	Y	110.2	115.6	3.389072428	3.9	2014	2017
S1023	Male	201000000030810	9.6	Y	111	125.28	3.451359681	5.7	2013	2017
S1046	Male	203000000030800	8	N	111	118.4	3.451359681	6	2013	2015
S1237	Female	102090000021000	3	N	111	111	4.708604879	3	2003	2003
S1254	Female	102120000081200	4	N	111	111	4.708604879	4	2003	2003
S2158	Male	201000000030912	4.4	N	111	111	3.451359681	4.4	2013	2013
S2185	Male	202000000030800	6.3	N	111	111	3.451359681	6.4	2013	2013
S239	Male	202090000081000	5.1	N	111	111	3.451359681	5.1	2011	2011
S245	Male	202090000101200	7.8	N	111	120.3	3.451359681	4.8	2011	2014
S322	Male	203000000111200	4.7	N	111	111	3.451359681	4.8	2013	2013
S543	Male	210000000091000	5	N	111	111	3.451359681	5	2013	2013
S569	Male	212000000020900	3	N	111	111	3.451359681	3	2014	2014
S659	Male	211000000101100	4	N	111	111	3.451359681	4	2014	2014
S1000	Male	202110000081200	4.4	N	112	112	3.530664632	4.5	2011	2011
S1007	Male	202120000080900	4.5	N	112	112	3.530664632	4.5	2011	2011
S1013	Female	103080000031200	7	N	112	NA	4.799309226	3	2009	2013
S1273	Male	208110000030000	4.5	N	112	112	3.530664632	4.5	2003	2003
S1386	Male	212000000011200	7	Y	112	115.46	3.530664632	4	2014	2017
S227	Male	202090000011000	6.4	N	112	112	3.530664632	6.4	2011	2011
S305	Male	203000000020900	9.6	Y	112	120.02	3.530664632	5.7	2013	2017
S321	Male	203000000101100	5.6	N	112	112	3.530664632	5.7	2013	2013
S341	Male	203090000091100	4.7	N	112	112	3.530664632	4.7	2011	2011
S656	Male	203100000021000	4.2	N	112	112	3.530664632	4.2	2011	2011
S1196	Male	208090000090000	6.5	N	113	113	3.611639283	6.5	2003	2003
S1218	Female	101090000031000	5.2	N	113	158	4.891264707	3.3	2001	2003
S1247	Female	102100000091000	3.2	N	113	113	4.891264707	3.2	2003	2003
S1274	Male	208110000080000	4.9	N	113	113	3.611639283	5	2003	2003
S215	Male	202080000031100	4.5	N	113	113	3.611639283	4.6	2011	2011
S890	Female	410110000031200	3	N	113	113	4.891264707	3	2011	2011
S971	Male	202110000101100	12.6	N	113	132.6	3.611639283	4.7	2007	2015
S974	Male	202080000101200	5.5	N	113	113	3.611639283	5.5	2011	2011
S1331	Male	201080000010300	9.5	N	113.4	120	3.644512593	6.6	2008	2011
S1027	Male	201090000021200	12.3	N	114	122	3.694355457	7.4	2008	2013
S1063	Male	201110000081100	12	Y	114	130.4	3.694355457	5	2009	2016
S1201	Male	208110000010000	4.8	N	114	114	3.694355457	4.8	2003	2003
S2184	Male	208100000081011	5.9	N	114	115.8	3.694355457	4.9	2013	2014
S219	Male	202080000081100	7.5	N	114	114	3.694355457	7.6	2011	2011
S232	Male	202090000020900	8.5	N	114	114	3.694355457	8.6	2011	2011
S348	Male	203100000010810	5.4	N	114	114	3.694355457	5.5	2011	2011
S972	Male	202030000021100	9	N	114	117	3.694355457	7	2009	2011
S2166	Male	210000000091200	7	Y	114.45	125	3.732166121	3	2014	2018
S1042	Male	203000000011200	7.7	N	115	122.3	3.778889713	5.8	2013	2015
S1045	Male	203000000021213	6.4	N	115	115	3.778889713	6.5	2013	2013
S1235	Female	102090000011000	3	N	115	116	5.079070554	3	2003	2003
S1268	Male	201020300010000	3.8	N	115	115	3.778889713	3.8	2005	2005
S1272	Male	203000000090000	7.3	N	115	115	3.778889713	7.3	1999	1999
S2016	Male	210000000101200	11.4	Y	115	119.34	3.778889713	8.4	2014	2017
S2114	Male	212000000030800	7.7	Y	115.1	125.28	3.787446233	5.7	2014	2016
S1265	Female	109000000101200	17.2	Y	116	155	5.17499547	3.3	2004	2018
S1291	Male	202110000030000	17.9	N	116	131.9	3.865323774	3.9	2001	2015
S1395	Male	208110000081100	9	Y	116	136.21	3.865323774	7	2015	2017
S155	Male	201000000101200	6.9	Y	116	122.9	3.865323774	3.9	2013	2016
S350	Male	203100000011000	7.8	N	116	123	3.865323774	4.8	2011	2014
S750	Male	202110000111200	6.2	N	116	116	3.865323774	6.3	2011	2011
S1332	Male	201080000020300	6.9	N	116.5	126	3.909280297	4	2008	2011
S1048	Male	203000000031100	8.9	N	117	120.2	3.953744998	6.9	2013	2015
S1191	Male	201100000011000	4	N	117	117	3.953744998	4	2007	2007
S1276	Male	210000000021100	4	N	117	117	3.953744998	4	2003	2003
S188	Male	202000000021000	4	N	117	117	3.953744998	4	2013	2013
S2030	Female	102000000021000	9	Y	117	152	5.272320799	4	2013	2018
S2071	Female	111000000010809	8	Y	117	140	5.272320799	4	2014	2018
S214	Male	202080000031000	9	Y	117	129.22	3.953744998	4	2011	2016
S223	Male	202080000101100	4	N	117	NA	3.953744998	4	2011	2011
S344	Male	203090000101200	5	N	117	117	3.953744998	5	2011	2011
S358	Male	203100000030900	10.5	N	117	128	3.953744998	6.6	2011	2015
S575	Male	212000000080900	4	N	117	117	3.953744998	4	2014	2014
S759	Male	203090000010900	10	Y	117	127.45	3.953744998	4	2011	2017
S991	Male	202110000020800	12.6	Y	117	132.71	3.953744998	7.6	2011	2016
S999	Male	202110000081100	6.5	N	117	117	3.953744998	6.5	2011	2011
S2121	Male	208120000010900	6.8	Y	117.95	119.11	4.03967088	6.9	2016	2016
S2148	Male	208100000020000	18	Y	118	121.77	4.044246911	4.1	2003	2017
S218	Male	202080000081000	4	N	118	118	4.044246911	4.1	2011	2011
S863	Female	103120000021200	5.5	N	118	155	5.371088038	3.5	2008	2010
S967	Male	201020000030000	21	Y	118	132.02	4.044246911	4.1	2000	2017
S2057	Female	401031200010000	6.4	Y	118.2	141.12	5.391018297	3.5	2014	2017
S553	Male	211000000021100	12	N	118.2	118.2	4.062605676	12	2015	2015
S565	Male	212000000011000	4.1	N	118.7	118.7	4.108889674	4.2	2014	2014
S2024	Male	208120000020300	10.4	Y	118.83	119.65	4.121015306	9.5	2016	2017
S1232	Female	102090000011200	4	N	119	119	5.471340554	4	2003	2003
S2077	Female	102030900030000	8	Y	119	145	5.471340554	4	2014	2018
S809	Male	211000000010900	5.1	N	119	122	4.136929802	4.2	2014	2015
S90	Female	108090000011100	18.5	Y	119	151	5.471340554	3.5	2003	2018
S997	Male	202110000080900	4.1	N	119	119	4.136929802	4.2	2011	2011
S376	Male	208000000021200	5.6	N	119.3	119.3	4.165175857	5.7	2014	2014
S887	Female	408100000110000	6	N	119.5	154.35	5.522037883	4	2015	2017
S1234	Female	102090000010200	3	N	120	120	5.573123701	3	2003	2003
S2173	Male	202100000021100	4.2	N	120	120	4.231901389	4.3	2011	2011
S340	Male	203090000091000	4.2	N	120	120	4.231901389	4.3	2011	2011
S354	Male	203100000020800	4.2	N	120	120	4.231901389	4.3	2011	2011
S362	Male	203100000101100	4.2	N	120	120	4.231901389	4.3	2011	2011
S395	Male	208090000031200	4.3	N	120.2	120.2	4.251180396	4.3	2014	2014
S538	Male	210000000031100	4.3	N	120.5	120.5	4.28028132	4.3	2014	2014
S2040	Female	102030800120000	7	Y	121	147.19	5.676484945	4	2014	2017
S2163	Male	202090000030900	4.3	N	121	121	4.329277573	4.4	2011	2011
S318	Male	203000000091000	4.3	N	121	121	4.329277573	4.4	2013	2013
S324	Male	203090000011200	10.3	Y	121	137.91	4.329277573	4.4	2011	2017
S730	Female	103000000111200	11.7	N	121	152	5.676484945	3.7	2004	2012
S379	Male	208000000031100	4.3	N	121.1	121.1	4.339152172	4.4	2014	2014
S10	Female	101031000010000	8	Y	121.4	141	5.718282365	4	2014	2018
S1398	Male	212000000021200	9	Y	121.9	128.97	4.419075127	6	2014	2017
S1467	Male	201100000101100	5.4	N	121.9	108	4.419075127	4.5	2008	2009
S160	Male	201030000020900	13.4	Y	121.9	130.39	4.419075127	4.5	2008	2017
S1012	Male	202120000091100	4.4	N	122	122	4.42918329	4.5	2011	2011
S179	Male	202000000010300	4.4	N	122	122	4.42918329	4.5	2013	2013
S2178	Male	202110000021200	4.4	N	122	122	4.42918329	4.5	2011	2011
S2180	Male	208100000020300	4.4	N	122	122	4.429183	4.5	2013	2013
S364	Male	203100000111200	10.4	Y	122	131.4	4.42918329	4.5	2011	2017
S922	Female	101110000011200	9	N	122	141	5.781473991	4	2002	2007
S985	Male	202100000101200	8	N	122	122	4.42918329	7	2010	2011
S941	Female	103120000020900	10.7	N	122.2	149.8	5.802671677	3.8	2008	2015
S2146	Male	203080900021000	4.5	Y	122.4	122.4	4.469883711	4.5	2016	2016
S2025	Male	210110000011100	4.5	Y	122.56	122.55	4.486285245	4.5	2017	2017
S507	Male	208110000030809	11	N	122.7	122.7	4.500694187	11	2014	2014
S1043	Male	203000000021000	8.1	N	123	123	4.531753471	8.1	2013	2013
S1275	Male	209100000100000	4.5	N	123	123	4.531753471	4.6	2003	2003
S1295	Female	102100000020300	5.5	N	123	132	5.888142934	3.6	2003	2005
S1338	Male	203100000031100	4.5	N	123	NA	4.531753471	4.6	2011	2011
S2033	Male	201000000030812	14	Y	123	128.4	4.531753471	10	2013	2017
S2053	Male	201090000031000	14	Y	123	130.21	4.531753471	5	2008	2017
S2160	Male	201000000010203	7.5	N	123	127.3	4.531753471	4.6	2011	2014
S221	Male	202080000091100	4.5	N	123	123	4.531753471	4.6	2011	2011
S231	Male	202090000020800	4.5	N	123	123	4.531753471	4.6	2011	2011
S762	Male	203100000091100	10.5	Y	123	125.53	4.531753471	4.6	2011	2017
S383	Male	208000000091000	4.5	N	123.1	123.1	4.542162555	4.6	2014	2014
S530	Male	210000000020300	4.6	N	123.2	123.2	4.552599885	4.6	2014	2014
S1035	Male	202000000081000	4.6	N	124	124	4.6	4.6	2013	2013
S1378	Female	101111200080000	8	N	124	151.3	5.996546406	3	2011	2016
S228	Male	202090000011100	6.6	N	124	126	4.637134141	4.7	2011	2013
S973	Male	201000000010208	7.6	N	124	129.8	4.637134141	4.7	2011	2014
S2047	Male	210120000021000	5.7	Y	124.25	126.71	4.663936716	4.7	2016	2017
S567	Male	212000000020300	4.7	N	124.5	124.5	4.69092738	4.7	2014	2014
S1317	Male	202100000091100	5.7	N	125	137	4.745483668	4.8	2010	2011
S181	Male	202000000010900	5.7	N	125	125.72	4.7	4.7	2013	2014
S2094	Male	212000000010900	6.7	Y	125	130.48	4.745483668	4.8	2014	2016
S2174	Male	201000000091200	4.7	N	125	125	4.745483668	4.8	2013	2013
S343	Male	203090000101100	9.7	Y	125	129.22	4.745483668	4.8	2011	2016
S653	Male	201000000010209	7.7	N	125	128.5	4.745483668	4.8	2011	2014
S657	Male	203100000080900	9.7	Y	125	128.74	4.745483668	4.8	2011	2016
S2037	Male	212000000091200	7.8	Y	125.2	128.56	4.767524725	4.8	2014	2017
S2179	Male	209000000031100	5.8	N	125.66	126	4.818703691	4.9	2013	2014
S1298	Male	210120000110000	9.9	N	126	128.5	4.856974195	4.9	2003	2008
S356	Male	203100000021200	8.9	N	126	130.5	4.856974195	4.9	2011	2015
S1468	Male	201100000081000	7.9	N	126.6	132	4.92545352	5	2008	2011
S1005	Male	202120000031100	5	N	127	NA	4.971793284	5	2011	2011
S1031	Male	202000000011200	5	N	127	127	4.971793284	5	2013	2013
S1194	Male	203120000090000	5	N	127	127	4.971793284	5	2003	2003
S17	Female	401031100010000	4.7	N	127	151.5	6.332752097	3.7	2014	2015
S2048	Female	412000000031100	11.9	Y	127	135.44	6.332752097	4	2009	2017
S326	Male	203090000011000	5	N	127	127	4.971793284	5	2011	2011
S843	Male	209000000020000	17	N	127	130	4.971793284	5	1999	2011
S996	Male	202110000031200	5	N	127	127	4.971793284	5	2011	2011
S2150	Male	211000000081000	5	N	127.2	127.2	4.99517423	5	2014	2014
S1336	Male	201120000081000	8	N	127.4	129	5.01869818	5.1	2008	2011
S196	Male	202000000081100	5.1	N	128	128	5.090145817	5.1	2013	2013
S2046	Male	208120000120000	19.1	Y	128	133.79	5.090145817	5.1	2003	2017
S2171	Male	202120000081000	5.1	N	128	128	5.090145817	5.1	2011	2011
S225	Male	202090000010200	5.1	N	128	128	5.090145817	5.1	2011	2011
S237	Male	202090000031000	9.1	N	128	133.35	5.090145817	5.1	2011	2015
S320	Male	203000000091200	7.1	N	128	129.4	5.090145817	5.1	2013	2015
S381	Male	208000000080900	5.1	N	128	128	5.090145817	5.1	2014	2014
S497	Male	203100000081100	5.1	N	128	128	5.090145817	5.1	2011	2011
S844	Male	209110000080000	12.1	N	128	133	5.090145817	5.1	2003	2010
S91	Female	108120000091000	8.1	N	128	138	6.448697048	4.1	2010	2014
S380	Male	208000000031200	5.1	N	128.1	133.5	5.102183867	5.2	2014	2014
S2126	Female	103091200010000	6	Y	128.15	139	6.466264033	4	2016	2018
S2007	Male	211120000010200	5.1	Y	128.43	131.3	5.142178895	5.2	2017	2017
S544	Male	210000000091100	5.2	N	128.5	128.5	5.150716421	5.2	2014	2014
S568	Male	212000000020800	5.2	N	128.6	128.6	5.162945855	5.2	2014	2014
S2087	Female	103080900100000	7	Y	128.61	130	6.520426582	6	2017	2018
S2006	Male	209120000011000	7.2	Y	128.9	131.11	5.199869216	5.2	2015	2017
S1011	Male	202120000091000	5.2	N	129	129	5.212256195	5.3	2011	2011
S1049	Male	203000000031200	5.2	N	129	129	5.212256195	5.3	2013	2013
S1178	Male	209000000100000	6.2	N	129	137	5.212256195	5.3	1999	2000
S156	Male	201000000111200	5.2	N	129	129	5.212256195	5.3	2013	2013
S166	Male	201090000111200	11.2	N	129	131	5.212256195	5.3	2008	2014
S206	Male	202030000080900	9.2	N	129	135	5.212256195	5.3	2009	2013
S2169	Male	202110000011200	7.2	N	129	131	5.212256195	5.3	2011	2013
S342	Male	203090000091200	5.2	N	129	129	5.212256195	5.3	2011	2011
S347	Male	203100000010800	5.2	N	129	129	5.212256195	5.3	2011	2011
S542	Male	210000000081200	5.3	N	129.4	122.8	5.262206947	5.3	2014	2014
S2035	Male	208120000031200	6.3	Y	129.85	130.02	5.319188046	5.4	2016	2017
S186	Male	202000000020800	6.3	N	130	134.46	5.3	5.3	2013	2014
S2023	Male	202090000080900	11.3	Y	130	132.68	5.338370898	5.4	2011	2017
S2176	Male	202080000031200	5.3	N	130	130	5.338370898	5.4	2011	2011
S2182	Male	202110000031000	5.3	N	130	130	5.338370898	5.4	2011	2011
S386	Male	208090000010300	5.3	N	130	130	5.338370898	5.4	2014	2014
S562	Male	212000000010300	10.3	Y	130	140	5.338370898	5.4	2013	2018
S780	Male	201090000020800	11.3	N	130	134.6	5.338370898	5.4	2009	2015
S2159	Male	211000000091000	5.4	N	130.2	130.2	5.364097776	5.4	2014	2014
S641	Female	103120000031200	13.2	Y	130.6	152	6.759944475	4.2	2008	2017
S207	Male	402030000091100	6.5	N	130.9	131.6	5.455521696	5.5	2014	2015
S1039	Male	202100000080900	11.5	Y	131	137.26	5.468761482	5.5	2010	2016
S1051	Male	203000000081000	5.5	N	131	131	5.468761482	5.5	2013	2013
S1055	Male	203120000100000	19.5	Y	131	135.59	5.468761482	5.5	2003	2017
S1070	Male	211000000091100	5.5	N	131	131	5.468761482	5.5	2014	2014
S1190	Male	201100000010900	5.5	N	131	131	5.468761482	5.5	2007	2007
S1257	Female	102120000091200	5	N	131	131	6.80914519	5	2003	2003
S1294	Female	101090000111200	7.2	N	131	146	6.80914519	4.3	2002	2005
S2116	Female	108110000021000	14.6	Y	131	153	6.80914519	4.6	2008	2018
S2175	Male	203000000081200	5.5	N	131	131	5.468761482	5.5	2013	2013
S361	Male	203100000091200	5.5	N	131	131	5.468761482	5.5	2011	2011
S549	Male	210110000090000	18.5	Y	131	134.16	5.468761482	5.5	2003	2016
S839	Male	201100000011200	9.5	N	131	133	5.468761482	5.5	2007	2011
S986	Male	202110000010200	5.5	N	131	131	5.468761482	5.5	2011	2011
S1380	Male	201020000091000	10.5	N	131.1	162	5.482047	5.5	2008	2013
S552	Male	211000000011200	7.5	Y	131.1	132.82	5.482047	5.5	2014	2016
S1256	Female	102120000091100	5	N	132	132	6.93375941	5	2003	2003
S1301	Female	112000000020800	7	N	132	135	6.93375941	6	2007	2008
S1330	Female	111120000031200	5.2	N	132	138	6.93375941	4.2	2011	2012
S1406	Female	103090000091200	6.7	N	132	135	6.93375941	4.8	2009	2011
S2063	Female	110120000021000	11	Y	132	148.25	6.93375941	5	2011	2017
S2168	Male	202090000031200	5.6	N	132	132	5.603728096	5.7	2011	2011
S2177	Male	209110000090000	5.6	N	132	132	5.603728096	5.7	2003	2003
S748	Female	111000000101100	13.6	N	132	142.14	6.93375941	4.6	2007	2016
S761	Male	203100000091000	5.6	N	132	132	5.603728096	5.7	2011	2011
S824	Female	109100000011000	9	N	132	146	6.93375941	6	2008	2011
S1333	Male	201090000020300	8.7	N	132.7	139	5.701104281	5.8	2008	2011
S698	Female	101101100090000	7	N	132.8	136.11	7.035155535	6	2014	2015
S1184	Male	201000000030800	5.7	N	133	133	5.743603651	5.8	2005	2005
S122	Female	109120000021000	9	N	133	138.1	7.060747377	5	2010	2014
S1269	Male	201020300020000	17.7	Y	133	136.96	5.743603651	5.8	2005	2017
S1279	Female	102080000100000	9.9	N	133	146	7.060747377	5.9	1995	2004
S1284	Male	201080000010000	5.7	N	133	NA	5.743603651	5.8	2000	2000
S1337	Male	202090000021000	7.7	N	133	134	5.743603651	5.8	2011	2013
S1397	Male	211000000021200	7.7	Y	133	134.8	5.743603651	5.8	2014	2016
S2034	Male	202120000090000	20.7	Y	133	135.6	5.743603651	5.8	2002	2017
S2170	Male	202000000081200	5.7	N	133	133	5.743603651	5.8	2013	2013
S278	Male	202110000101200	5.7	N	133	133	5.743603651	5.8	2011	2011
S715	Female	101080900080900	10.4	Y	133	140.8	7.060747377	4.4	2012	2018
S764	Female	108000000091100	14	N	133	149.75	7.060747377	5.1	2006	2015
S776	Female	110000000031100	14.6	N	133	151.14	7.060747377	5.6	2006	2015
S83	Female	103120000120000	24.8	N	133	151.04	7.060747377	4.9	1996	2016
S2060	Female	102031200080000	6.3	Y	133.04	136.1	7.065877555	4.4	2015	2017
S1058	Female	102030800030000	8	Y	133.3	141.29	7.09932029	5	2014	2017
S1393	Male	408090000101100	5.8	N	133.3	133.3	5.786577884	5.8	2015	2015
S162	Male	201030000030800	14.9	Y	133.8	138.15	5.859286171	5.9	2008	2017
S11	Female	401031000020000	4.5	N	133.9	133.9	7.177142186	4.6	2014	2014
S2101	Male	208000000081000	7.9	Y	133.9	135.3	5.873994234	5.9	2014	2016
S506	Male	208110000021200	5.9	N	133.9	133.9	5.873994234	5.9	2014	2014
S1025	Male	201000000030910	5.9	N	134	134	5.888758759	5.9	2013	2013
S1174	Male	202080000010300	5.9	N	134	134	5.888758759	5.9	2007	2007
S1307	Female	103090000081100	6	N	134	135	7.190201282	6	2009	2009
S1324	Female	110110000091200	7	N	134	142	7.190201282	5	2011	2013
S1379	Male	201000000010310	5.9	N	134	134	5.888758759	5.9	2013	2013
S2058	Female	101120000021200	22	Y	134	153	7.190201282	6	2002	2018
S2120	Male	202000000011000	8.9	Y	134	134.64	5.888758759	5.9	2013	2016
S2127	Female	108110000091000	15	Y	134	148	7.190201282	5.1	2008	2018
S213	Male	202080000030900	5.9	N	134	134	5.888758759	5.9	2011	2011
S2152	Male	202110000091200	5.9	N	134	134	5.888758759	5.9	2011	2011
S360	Male	203100000080000	14.9	N	134	137	5.888758759	5.9	2002	2011
S529	Male	210000000011100	8.9	Y	134	142.37	5.888758759	5.9	2014	2017
S707	Female	103090000021100	14	Y	134	147	7.190201282	5	2009	2018
S746	Female	102091000010000	9.3	Y	134	156	7.190201282	4.4	2013	2018
S765	Male	212000000031000	6.9	N	134	135.5	5.888758759	5.9	2014	2015
S944	Female	109000000080000	15	Y	134.3	163	7.229532763	5	2008	2018
S782	Male	208090000081000	8	Y	134.78	136.57	6.005909557	6.1	2015	2017
S394	Male	208090000021200	6	N	134.8	134.8	6.008960849	6.1	2014	2014
S42	Female	101111200090000	7	N	134.9	149.66	7.30889878	5	2014	2016
S1064	Male	201110000111200	13	Y	135	134.43	6.039607655	6.1	2009	2016
S1282	Male	201030000080000	9	N	135	135	6.039607655	6.1	2000	2003
S1293	Female	101090000101100	20.8	Y	135	164	7.322218798	4.8	2002	2018
S1340	Male	203120000031000	11	Y	135	134.04	6.039607655	6.1	2011	2016
S187	Male	202000000020900	8	N	135	136.6	6.039607655	6.1	2013	2015
S2054	Male	203090000020800	12	Y	135	143.87	6.039607655	6.1	2011	2017
S2113	Male	208100000010000	19	Y	135	138.82	6.039607655	6.1	2003	2016
S2161	Male	202100000010800	12	N	135	143.48	6.039607655	6.1	2009	2015
S251	Male	202100000031200	10	N	135	137.8	6.039607655	6.1	2010	2014
S325	Male	203090000010800	9	N	135	138.1	6.039607655	6.1	2011	2014
S334	Male	203090000030900	6	N	135	135	6.039607655	6.1	2011	2011
S349	Male	203100000010900	6	N	135	135	6.039607655	6.1	2011	2011
S45	Female	101120000020900	21	Y	135	156	7.322218798	5	2002	2018
S566	Male	202000000011100	7	N	135	132.1	6.039607655	6.1	2013	2014
S654	Male	201000000010211	10	Y	135	132.32	6.039607655	6.1	2013	2017
S72	Female	101030000081200	22.7	Y	135	151	7.322218798	4.7	2000	2018
S743	Female	101120000081100	19	N	135	157.53	7.322218798	5	2002	2016
S874	Female	109110000031100	10.6	N	135	151.09	7.322218798	4.7	2010	2016
S92	Female	108100000010300	12.8	Y	135	146.42	7.322218798	4.9	2009	2017
S961	Female	101030000101100	22	Y	135	153.14	7.322218798	5	2000	2017
S841	Male	201100000081200	9.1	N	135.2	135	6.070500623	6.1	2008	2011
S1399	Male	201120000011100	14.1	Y	135.6	141.53	6.133041088	6.2	2008	2016
S100	Male	208110000010900	6.2	N	136	136	6.196615326	6.2	2014	2014
S1469	Male	202000000091000	10.2	Y	136	139.11	6.196615326	6.2	2013	2017
S185	Male	202000000020300	24.2	Y	136	138.3	6.196615326	6.2	1999	2017
S190	Male	202000000021200	10.2	Y	136	137.61	6.2	6.2	2013	2017
S2012	Female	109100000010203	14.9	Y	136	98	7.456903513	6	2008	2018
S2130	Male	202080000011100	12.2	Y	136	135.55	6.196615326	6.2	2010	2016
S293	Male	202120000111200	8.2	N	136	136	6.196615326	6.2	2011	2013
S335	Male	203090000031100	11.2	Y	136	141.99	6.196615326	6.2	2011	2016
S375	Male	208000000021100	6.2	N	136	136	6.196615326	6.2	2014	2014
S50	Female	102030000011011	19	N	136	149	7.456903513	7	2002	2014
S621	Female	102100000010900	10	N	136	NA	7.456903513	6	2003	2007
S668	Female	109100000081000	14	Y	136	144.59	7.456903513	6	2009	2017
S683	Female	101030800120000	8	Y	136	143.64	7.456903513	4	2013	2017
S705	Female	103000000101100	15.5	N	136	151.1	7.456903513	4.5	2004	2015
S854	Female	112000000080900	15	Y	136	152.29	7.456903513	5	2007	2017
S97	Female	108100000081100	13.4	Y	136	150	7.456903513	4.4	2009	2018
S2050	Female	102111200010000	7.9	Y	136.56	156.78	7.533532709	6.9	2016	2017
S554	Male	211000000030900	6.3	N	136.9	136.9	6.343619991	6.4	2014	2014
S892	Male	201090000010200	13.3	N	136.9	137.8	6.343619991	6.4	2008	2015
S1020	Female	109000000020312	13	Y	137	143	7.594365428	6	2011	2018
S1065	Female	108000000081200	12	N	137	148	7.594365428	5	2006	2013
S1193	Male	202000000100000	6.4	N	137	137	6.360306151	6.4	1999	1999
S1306	Female	103090000081000	6	N	137	145	7.594365428	5	2009	2010
S1347	Female	101020900080000	5.7	N	137	138.9	7.594365428	4.8	2012	2013
S2022	Female	112000000101100	15	Y	137	155.71	7.594365428	5	2007	2017
S2117	Female	109100000091100	14	Y	137	151	7.594365428	5	2009	2018
S2135	Female	101020800010000	10	N	137	145.99	7.594365428	5	2011	2016
S2155	Male	202110000091100	11.4	Y	137	137.03	6.360306151	6.4	2011	2016
S336	Male	203090000031200	11.4	Y	137	139.84	6.360306151	6.4	2011	2016
S489	Female	110000000011000	8	N	137	143	7.594365428	5.6	2006	2008
S589	Female	101080000010800	9	N	137	146	7.594365428	5	2000	2004
S716	Female	101090000030900	15	N	137	152	7.594365428	5.1	2001	2011
S88	Female	108000000091000	17	Y	137	158.42	7.594365428	6	2006	2017
S951	Male	201120000110000	9.4	N	137	139	6.360306151	6.4	2000	2003
S820	Female	103120000100000	13.1	N	137.2	156.92	7.622201237	5.2	2008	2016
S1358	Female	103100000020300	6.2	N	137.3	142	7.636162848	6.2	2008	2012
S1047	Male	203000000031000	6.5	N	138	138	6.531274469	6.6	2013	2013
S1053	Male	203100000031200	9.5	N	138	138.3	6.531274469	6.6	2011	2014
S1176	Male	208090000080000	6.5	N	138	NA	6.531274469	6.6	2003	2003
S1177	Male	209000000090000	7.5	N	138	140	6.531274469	6.6	1999	2000
S1244	Female	102100000010300	4.7	N	138	138	7.734721489	4.8	2003	2003
S1248	Female	102100000091200	5.3	N	138	138	7.734721489	5.3	2003	2003
S1250	Female	102110000031000	6	N	138	138	7.734721489	6	2003	2003
S1314	Female	109110000021100	5	N	138	151	7.734721489	3	2008	2010
S136	Female	112000000031100	13	Y	138	166.66	7.734721489	5	2009	2017
S2062	Female	108120000020300	12.9	Y	138	153.17	7.734721489	5	2009	2017
S2088	Female	108120000091100	13.9	Y	138	148	7.734721489	5.9	2010	2018
S2105	Female	102100000020800	20.1	Y	138	158	7.734721489	5.1	2003	2018
S2112	Male	201110000080900	15.5	Y	138	144	6.531274469	6.6	2009	2018
S2151	Male	203100000020900	8.5	N	138	139.98	6.531274469	6.6	2011	2013
S299	Male	203000000011000	8.5	N	138	139.7	6.531274469	6.6	2013	2015
S389	Female	110000000011200	7.2	N	138	142.9	7.734721489	5.2	2006	2008
S643	Female	108000000101200	17.6	Y	138	156	7.734721489	5.6	2006	2018
S739	Female	102120000011200	20	Y	138	157	7.734721489	5	2003	2018
S742	Female	101110000091200	16.1	N	138	NA	7.734721489	5.1	2002	2013
S791	Female	109110000020900	9	N	138	154	7.734721489	5	2010	2014
S903	Female	109120000010300	7	N	138	147	7.734721489	5	2008	2010
S905	Female	101020000021100	4.5	N	138	NA	7.734721489	4.6	2000	2000
S2136	Female	101101200100000	7	N	138.08	139.84	7.746078675	6	2015	2016
S2073	Male	208090000101100	9.6	Y	138.3	138.84	6.584082903	6.6	2014	2017
S2144	Female	102031200110000	5	N	138.36	139.43	7.785981887	4	2015	2016
S838	Male	201080000010900	9.6	N	138.4	138	6.601848079	6.7	2008	2011
S2183	Male	212000000030900	6.6	N	138.6	138.6	6.637626512	6.7	2014	2014
S2005	Male	208110000091100	8.7	Y	138.7	138.77	6.655641317	6.7	2015	2017
S2026	Male	211120000091000	6.7	Y	138.81	139.42	6.67555555	6.7	2017	2017
S1033	Male	202000000031100	9.7	Y	139	145.3	6.710197606	6.8	2013	2016
S1060	Female	112000000091200	14.4	Y	139	156	7.878096191	5.4	2009	2018
S1311	Female	108120000011100	18	N	139	154	7.878096191	5	1997	2010
S1323	Female	109120000111200	6	N	139	141	7.878096191	5	2011	2012
S1326	Female	110120000011000	8	N	139	141	7.878096191	7	2011	2012
S1342	Male	203120000101200	13.7	Y	139	145	6.710197606	6.8	2011	2018
S2100	Male	201110000011100	14.7	Y	139	140.62	6.710197606	6.8	2008	2016
S2167	Male	209110000020000	6.7	N	139	139	6.710197606	6.8	2003	2003
S550	Male	211000000010200	6.7	N	139	139	6.710197606	6.8	2013	2013
S57	Female	102030800090000	4	N	139	139	7.878096191	4	2014	2014
S60	Female	102030900090000	7	N	139	145.57	7.878096191	5	2014	2016
S603	Female	101110000010200	8.7	N	139	149	7.878096191	4.8	2001	2005
S61	Female	102030900100000	9	Y	139	145	7.878096191	5	2014	2018
S639	Female	103090000030900	15	Y	139	155	7.878096191	6	2009	2018
S647	Female	108110000120000	26.1	Y	139	153	7.878096191	5.2	1997	2018
S658	Male	203100000081200	6.7	N	139	NA	6.710197606	6.8	2011	2011
S700	Female	102000000081200	18.6	Y	139	154	7.878096191	5.6	2005	2018
S71	Female	103000000031000	19.3	Y	139	157	7.878096191	5.4	2004	2018
S711	Female	101000000081200	17.4	N	139	151.37	7.878096191	5.5	2004	2016
S826	Female	109110000031000	8	N	139	145	7.878096191	6	2010	2012
S865	Female	108110000101200	6	N	139	145	7.878096191	5	2008	2009
S2084	Male	201090000010300	14.8	Y	139.4	141.92	6.784164382	6.8	2008	2016
S2115	Female	102031200020000	8.3	Y	139.85	142	8.002436968	5.4	2015	2018
S1050	Male	203000000080900	6.9	N	140	140	6.897852083	6.9	2013	2013
S1192	Male	202000000080000	6.9	N	140	140	6.897852083	6.9	1999	1999
S1195	Male	208000000120000	6.9	N	140	140	6.897852083	6.9	1999	1999
S1270	Male	201020300080000	6.9	N	140	140	6.897852083	6.9	2005	2005
S1280	Female	103110000090000	11.2	N	140	155	8.024622235	5.3	1996	2002
S1283	Male	201030000100000	8.9	N	140	140	6.897852083	6.9	2000	2002
S1371	Female	101111200020000	10	Y	140	144	8.024622235	5	2013	2018
S1458	Female	110000000020300	16.5	Y	140	157.53	8.024622235	5.5	2006	2017
S201	Male	202030000011000	10.9	N	140	141	6.897852083	6.9	2009	2013
S2042	Female	108100000020300	14	Y	140	154.66	8.024622235	6	2009	2017
S2056	Male	211000000010800	9.9	Y	140	142.48	6.897852083	6.9	2014	2017
S2093	Male	208000000010200	8.9	Y	140	145.4	6.897852083	6.9	2014	2016
S2128	Female	109110000030800	13	Y	140	148	8.024622235	5	2010	2018
S2142	Female	108120000010900	14	Y	140	154	8.024622235	5.1	2009	2018
S3	Female	109120000030000	14.4	N	140	153	8.024622235	5.5	1998	2007
S332	Male	203090000021200	6.9	N	140	140	6.897852083	6.9	2011	2011
S531	Male	210000000020800	8.9	Y	140	141.26	6.897852083	6.9	2014	2016
S594	Female	101090000020800	23	Y	140	154	8.024622235	6	2001	2018
S769	Female	109110000010900	13	Y	140	145	8.024622235	5	2010	2018
S873	Female	108110000091100	10	N	140	151.79	8.024622235	5	2008	2013
S955	Female	102090000010000	14.5	N	140	151	8.024622235	7.5	1995	2003
S978	Male	202090000081100	6.9	N	140	140	6.897852083	6.9	2011	2011
S59	Female	102030800110000	8.7	Y	140.3	147	8.06921549	5.7	2015	2018
S2028	Female	101081200080000	10.1	Y	140.51	149	8.100609202	5.1	2013	2018
S505	Male	208110000021100	7	N	140.6	140.6	7.015002881	7.1	2014	2014
S1374	Female	103080000011200	10.8	N	140.7	146.9	8.129140987	5.9	2008	2013
S397	Male	208090000081100	8	N	140.7	152	7.03487969	7.1	2014	2015
S1394	Male	208110000021000	8.1	N	140.9	142.2	7.074944155	7.1	2014	2015
S1387	Female	102031000110000	7	Y	140.92	143.65	8.162331068	5	2015	2017
S1071	Female	103091100080900	12	N	141	146.16	8.174441274	5	2009	2016
S1074	Female	101120000020300	8	N	141	149	8.174441274	5	2002	2005
S1227	Female	102080000091100	19	Y	141	151.48	8.174441274	5	2003	2017
S1305	Female	103090000020900	6.4	N	141	143	8.174441274	5.4	2009	2010
S1327	Female	110120000031100	12	Y	141	150.63	8.174441274	6	2011	2017
S1328	Female	110120000091000	6.6	N	141	144	8.174441274	5.6	2011	2012
S1401	Female	110000000030900	13	N	141	151.78	8.174441274	6	2006	2013
S1446	Female	110120000010900	11.1	N	141	148.24	8.174441274	6.2	2011	2016
S165	Male	201090000030900	16.1	Y	141	145.19	7.095133985	7.1	2008	2017
S2	Female	101020000010800	22.8	N	141	149.79	8.174441274	6.8	1999	2016
S2027	Female	409100000030000	10.6	Y	141	143.79	8.174441274	5.6	2012	2017
S319	Male	203000000091100	7.1	N	141	141	7.095133985	7.1	2013	2013
S352	Male	203100000011200	7.1	N	141	141	7.095133985	7.1	2011	2011
S498	Female	101110000021200	19.9	Y	141	149.37	8.174441274	4.9	2002	2017
S581	Female	101020000011100	16.8	N	141	150	8.174441274	5.8	1999	2010
S584	Female	101030000020800	8	N	141	147	8.174441274	5	2000	2003
S650	Female	109100000111200	14	Y	141	150	8.174441274	5	2009	2018
S67	Female	102090000081200	22	Y	141	154	8.174441274	7	2003	2018
S777	Female	110110000111200	13	Y	141	148	8.174441274	6	2011	2018
S804	Female	111120000020800	7	N	141	147	8.174441274	5	2011	2013
S895	Female	101120000081000	15	N	141	167	8.174441274	5	2002	2012
S908	Female	101080000031000	11	N	141	148	8.174441274	7	2001	2005
S916	Male	201110000120000	10.1	N	141	NA	7.095133985	7.1	2000	2003
S968	Male	203100000120000	7.1	N	141	141	7.095133985	7.1	2002	2002
S998	Male	202110000081000	7.1	N	141	141	7.095133985	7.1	2011	2011
S1335	Male	201120000080900	10.2	N	141.4	142	7.176970133	7.2	2008	2011
S688	Female	101091000030000	7.1	N	141.46	145.09	8.244505128	5.2	2013	2015
S1006	Male	202120000031200	7.3	N	142	142	7.303084836	7.4	2011	2011
S1180	Male	209100000120000	7.3	N	142	142	7.303084836	7.4	2003	2003
S12	Female	101031000030000	8	N	142	157.09	8.327704729	5	2012	2015
S128	Female	110000000101200	15.5	N	142	154.86	8.327704729	5.6	2006	2016
S1281	Male	201020000090000	7.3	N	142	NA	7.303084836	7.4	2000	2000
S1308	Female	103090000091100	6	N	142	145	8.327704729	5	2009	2010
S1310	Female	108100000020900	7.1	N	142	146	8.327704729	5.1	2009	2011
S132	Female	102031012101200	12	Y	142	NA	8.327704729	5	2011	2018
S134	Female	112000000011000	12	N	142	151.09	8.327704729	5	2009	2016
S1351	Female	401031000110000	8.3	N	142	142	8.327704729	8.4	2014	2014
S1355	Female	101081000120000	7	N	142	NA	8.327704729	5.7	2012	2013
S168	Male	201110000030900	15.3	Y	142	143.73	7.303084836	7.4	2009	2017
S20	Female	101031100100000	8.8	N	142	144.56	8.327704729	5.8	2012	2015
S2156	Male	202090000081200	9.3	N	142	NA	7.303084836	7.4	2011	2013
S2157	Male	203120000010300	9.3	N	142	143	7.303084836	7.4	2011	2013
S243	Male	202090000091200	7.3	N	142	142	7.303084836	7.4	2011	2011
S36	Female	101110000011000	21	Y	142	154	8.327704729	5	2002	2018
S370	Male	203120000091200	10.3	N	142	141	7.303084836	7.4	2011	2014
S486	Female	102110000031200	5.6	N	142	142	8.327704729	5.6	2003	2003
S588	Female	101030000110000	13	N	142	153	8.327704729	6	1995	2003
S712	Female	101000000091100	13	N	142	149	8.327704729	5	2004	2012
S744	Female	101120000101200	19	N	142	155	8.327704729	8	2002	2013
S84	Female	108000000031100	17.4	Y	142	155	8.327704729	5.5	2006	2018
S902	Female	103110000080000	14	N	142	154	8.327704729	6.1	1996	2004
S924	Female	103000000021000	11.7	N	142	151	8.327704729	5.7	2004	2010
S930	Female	102000000020000	15	N	142	159	8.327704729	8	1995	2005
S98	Female	108100000091000	14	Y	142	155	8.327704729	5	2009	2018
S980	Male	202090000091100	7.3	N	142	142	7.303084836	7.4	2011	2011
S990	Male	202110000020300	7.3	N	142	142	7.303084836	7.4	2011	2011
S2092	Male	201100000091100	15.3	Y	142.2	143.35	7.346059069	7.4	2008	2016
S858	Male	201120000031000	16.4	Y	142.3	144.93	7.367727599	7.4	2008	2017
S40	Female	101111200030000	9.2	N	142.39	144.18	8.388445717	6.2	2013	2016
S13	Female	401031000080000	5	N	142.5	142.5	8.405678328	5	2014	2014
S2125	Female	102111200080000	10	Y	142.69	148	8.435549069	7	2015	2018
S1062	Male	208090000010900	7.5	N	142.8	142.8	7.477940121	7.5	2014	2014
S1019	Male	203090000111200	7.5	N	143	143	7.522924889	7.6	2011	2011
S1024	Male	201000000030811	7.5	N	143	NA	7.522924889	7.6	2013	2013
S1066	Female	103090000011000	6	N	143	145	8.484574712	5	2009	2010
S1072	Female	102030000111200	21	Y	143	153	8.484574712	5	2002	2018
S1271	Male	202000000090000	7.5	N	143	143	7.522924889	7.6	1999	1999
S137	Female	112000000081100	13	Y	143	155.3	8.484574712	5	2009	2017
S1383	Female	101031100020000	5.5	N	143	143	8.484574712	5.5	2014	2014
S140	Female	112000000101200	18	Y	143	153	8.484574712	7	2007	2018
S16	Female	101031000120000	9.2	Y	143	148	8.484574712	5.3	2014	2018
S2000	Female	101000000010203	8.6	Y	143	151.82	8.484574712	5.6	2014	2017
S2038	Female	101091100030000	15	Y	143	150	8.484574712	10	2013	2018
S2129	Female	108110000090000	25	N	143	163	8.484574712	6	1997	2016
S2132	Female	102080000010200	22	Y	143	153	8.484574712	5	2001	2018
S2133	Female	108110000101100	16	Y	143	163	8.484574712	6	2008	2018
S2189	Female	109110000081000	8.5	N	143	148	8.484574712	6.6	2010	2012
S22	Female	101031200010000	11.6	Y	143	157	8.484574712	5.6	2012	2018
S52	Female	102030000101100	22	Y	143	161.96	8.484574712	6	2002	2018
S620	Female	102090000111200	10.8	N	143	149	8.484574712	5.8	2003	2008
S651	Female	111120000031000	8.6	N	143	145.6	8.484574712	5.7	2011	2014
S677	Female	101020300091000	6	N	143	146	8.484574712	5	2012	2013
S751	Female	103090000021000	14.3	Y	143	152.4	8.484574712	5.3	2009	2018
S756	Female	108120000020900	13	Y	143	151.67	8.484574712	5.1	2009	2017
S768	Female	109100000080900	12.8	N	143	155.61	8.484574712	5.9	2009	2016
S781	Male	203100000100000	22.5	Y	143	146.51	7.522924889	7.6	2002	2017
S802	Female	111000000021000	15	N	143	151	8.484574712	5.8	2007	2016
S823	Female	108100000020308	13.2	Y	143	151.49	8.484574712	6.2	2010	2017
S866	Female	109110000100000	12	N	143	150	8.484574712	7	1998	2003
S871	Female	108000000030900	10	N	143	159	8.484574712	5	2006	2011
S878	Female	101100000021200	10	N	143	154	8.484574712	5	2002	2007
S927	Female	101090000011000	12	N	143	150	8.484574712	6	2001	2007
S496	Male	201000000070000	7.5	N	143.1	143.1	7.545616128	7.6	2014	2014
S19	Female	101031100090000	9.3	Y	143.2	137	8.51639657	5.4	2014	2018
S2049	Female	101111200120000	7	Y	143.2	152	8.51639657	3	2014	2018
S2109	Female	401031200100000	9	Y	143.36	154	8.541963876	6	2015	2018
S1370	Female	101091100120000	6.5	N	143.95	145.4	8.637099928	5.6	2013	2014
S1009	Male	202120000081100	7.8	N	144	144	7.756096512	7.8	2011	2011
S121	Female	109120000020800	13.1	Y	144	149	8.645225	6.1	2010	2018
S1215	Female	111120000030000	6.2	N	144	NA	8.645225056	6.3	1999	1999
S1225	Female	102080000021100	5.7	N	144	144	8.645225056	5.7	2003	2003
S1288	Male	211000000030000	7.8	N	144	NA	7.756096512	7.8	2000	2000
S1316	Female	109110000081100	6.8	N	144	158	8.645225056	5.8	2010	2011
S1376	Female	110120000010200	7.3	N	144	147	8.645225056	5.4	2011	2013
S142	Male	201000000010311	8.8	N	144	138.4	7.756096512	7.8	2013	2014
S2001	Female	101100000120000	30.6	Y	144	158.47	8.645225056	8.7	1995	2017
S2107	Female	108110000020000	27.2	Y	144	153	8.645225056	6.2	1997	2018
S2111	Female	108000000080900	16.3	N	144	157	8.645225056	6.4	2006	2016
S279	Male	202120000011000	11.8	N	144	130	7.756096512	7.8	2010	2014
S586	Female	101030000031000	5.7	N	144	144	8.645225056	5.8	2000	2000
S679	Female	101030800020000	7.6	N	144	143	8.645225056	5.6	2011	2013
S7	Female	101030900081000	15.6	Y	144	153	8.645225056	6.6	2009	2018
S752	Female	103090000031000	15.6	N	144	151.55	8.645225056	8.7	2009	2016
S827	Female	109110000101100	7.1	N	144	146	8.645225056	5.1	2010	2012
S829	Female	109120000011100	11.9	N	144	152	8.645225056	7	2008	2013
S850	Female	108120000021100	12	N	144	157.26	8.645225056	5	2009	2016
S853	Female	102110000020900	20.2	Y	144	156.81	8.645225056	6.3	2003	2017
S864	Female	108100000030900	12	N	144	152.19	8.645225056	5	2009	2016
S898	Female	108120000021000	11.4	N	144	155.3	8.645225056	5.4	2009	2015
S923	Female	101020000020300	17.3	N	144	155	8.645225056	6.3	1999	2011
S99	Female	108100000101200	11	N	144	155	8.645225056	5	2009	2015
S2137	Male	202100000021000	7.8	Y	144.05	144.05	7.768134562	7.8	2016	2016
S1187	Male	201000000100000	8	N	145	145	8.004321593	8.1	1999	1999
S1223	Female	101120000020800	8	N	145	148	8.809842473	7	2002	2003
S1246	Female	102100000081100	6.5	N	145	145	8.809842473	6.6	2003	2003
S1251	Female	102110000031100	6	N	145	145	8.809842473	6	2003	2003
S1287	Male	211000000020000	8	N	145	NA	8.004321593	8.1	2000	2000
S1289	Male	213000000020000	8	N	145	NA	8.004321593	8.1	2000	2000
S1309	Female	108100000010203	6	N	145	147	8.809842473	5	2009	2010
S1313	Female	108120000091200	9.8	N	145	147	8.809842473	8.8	2010	2011
S1348	Female	401020900100000	6.1	N	145	145	8.809842473	6.2	2012	2012
S1350	Female	101030900010000	6	N	145	151	8.809842473	5	2012	2013
S1353	Female	101031200110000	5.3	N	145	145	8.809842473	5.4	2012	2012
S1365	Male	208100000021100	8	N	145	145	8.004321593	8.1	2012	2012
S2021	Female	109100000081200	13	Y	145	156.8	8.809842473	5	2009	2017
S2070	Female	108120000110000	25	Y	145	163.14	8.809842473	5	1997	2017
S2076	Female	101020000090000	31.8	Y	145	161	8.809842473	8.9	1995	2018
S2154	Male	211120000080000	18	N	145	147.96	8.004321593	8.1	2003	2013
S605	Female	101120000011000	13	N	145	159	8.809842473	6	2002	2009
S624	Female	103110000020000	10	N	145	150	8.809842473	7	1996	1999
S770	Female	109110000021000	13	Y	145	NA	8.809842473	6.4	2011	2018
S811	Female	108110000020300	14	Y	145	154.6	8.809842473	5	2008	2017
S889	Female	410000000110000	6.5	N	145	145	8.809842473	6.6	2012	2012
S918	Female	101020000011200	18.7	N	145	150.4	8.809842473	9.7	1999	2008
S958	Female	102030000010312	18	N	145	156.3	8.809842473	6	2002	2014
S964	Female	102030000091000	8	N	145	149	8.809842473	7	2002	2003
S867	Male	201100000101200	8	N	145.1	NA	8.03004847	8.1	2008	2008
S697	Female	101101100080000	10	Y	145.14	149	8.833216735	5	2013	2018
S2091	Female	102081200100000	5.5	N	145.41	145.41	8.878528426	5.5	2016	2016
S2010	Female	101101200110000	9	Y	145.46	153.47	8.886953382	7	2015	2017
S2139	Female	102091000020000	9	Y	145.6	156	8.910600058	5	2014	2018
S1341	Male	203120000031100	8.3	N	146	NA	8.269678791	8.3	2011	2011
S1456	Female	109120000020900	13.2	Y	146	156.71	8.97862786	6.2	2010	2017
S175	Female	108100000080000	13.8	N	146	155	8.97862786	8.9	1997	2002
S2011	Female	108000000030800	17.2	Y	146	157.26	8.97862786	6.3	2006	2017
S2020	Female	101120000010300	23	Y	146	163	8.97862786	7	2002	2018
S2080	Female	103000000120000	32	Y	146	160	8.97862786	9	1995	2018
S2119	Female	108100000031200	14.9	N	146	154.77	8.97862786	8	2009	2016
S28	Female	101080900100000	14	Y	146	NA	8.97862786	8	2012	2018
S330	Male	203090000020900	8.3	N	146	146	8.269678791	8.3	2011	2011
S615	Female	102080000010900	7.6	N	146	154	8.97862786	5.6	2002	2004
S691	Female	101091100020000	8	N	146	153.23	8.97862786	5	2013	2016
S758	Female	109120000100000	28.5	Y	146	157	8.97862786	8.5	1998	2018
S834	Female	112000000031000	13	N	146	159.47	8.97862786	6	2009	2016
S945	Female	108091200080900	8.7	N	146	150.13	8.97862786	5.7	2010	2013
S686	Female	401031200090000	8	Y	146.12	153.39	8.999172303	6	2015	2017
S693	Female	101091200010000	14	Y	146.7	154	9.099372859	9	2013	2018
S43	Female	101111200100000	10	Y	146.8	156	9.116802063	6	2014	2018
S502	Male	208110000011000	11.5	Y	146.8	148.13	8.495988406	8.5	2014	2017
S539	Male	210000000080900	8.5	N	146.8	146.8	8.495988406	8.5	2014	2014
S54	Female	102030800010000	6	N	146.8	151.95	9.116802063	5	2014	2015
S1185	Male	201000000080000	8.6	N	147	147	8.554709453	8.6	1999	1999
S1243	Female	102090000091200	7.3	N	147	147	9.151797769	7.4	2003	2003
S1357	Female	103000000021100	15.3	N	147	148	9.151797769	7.4	2004	2012
S32	Female	101090000100000	26	N	147	NA	9.151797769	6	1995	2016
S4	Female	101020300100000	10	N	147	152.5	9.151797769	7	2011	2014
S6	Female	101030900080900	10	Y	147	150.98	9.151797769	5	2012	2017
S766	Female	108100000081200	13.5	N	147	154.97	9.151797769	6.5	2009	2016
S893	Female	101080000101112	12	N	147	156	9.151797769	6	2001	2007
S2140	Female	103000000031011	7.6	Y	147.22	147	9.19050642	6.6	2017	2018
S2090	Female	101031200030000	7	N	147.43	148.04	9.227666437	6	2015	2016
S1068	Female	111120000090000	19.7	N	148	160	9.329586083	7.7	1999	2011
S1069	Female	102090000081100	16.7	N	148	166.7	9.329586083	6.7	2003	2013
S1299	Male	211120000020000	8.9	N	148	NA	8.862566021	8.9	2003	2003
S135	Female	112000000030800	14	N	148	158.35	9.329586083	6	2007	2015
S1459	Female	108000000020900	18	Y	148	162.5	9.329586083	6	2006	2018
S2002	Female	103110000110000	27.9	Y	148	165.04	9.329586083	6.9	1996	2017
S2003	Female	109000000111200	18.5	Y	148	164.93	9.329586083	6.5	2005	2017
S2019	Female	101020800120000	13.2	Y	148	165.09	9.329586083	7.3	2011	2017
S2043	Female	109110000031200	13	Y	148	155.27	9.329586083	6	2010	2017
S205	Female	102030000030810	10	Y	148	155	9.329586083	5	2013	2018
S2162	Male	209100000101200	8.9	N	148	148	8.862566021	8.9	2015	2015
S48	Female	102000000080900	21.5	Y	148	158	9.329586083	8.6	2005	2018
S540	Male	210000000081000	9.9	N	148	149.3	8.862566021	8.9	2014	2015
S591	Female	101080000080900	9	N	148	154	9.329586083	5	2001	2005
S610	Female	102030000010212	16.9	Y	148	156	9.329586083	6	2007	2018
S619	Female	102090000100000	17.3	N	148	161	9.329586083	9.4	1995	2003
S649	Female	108120000030000	22	N	148	156.24	9.329586083	5	1997	2014
S724	Female	102030000020800	14.5	N	148	161	9.329586083	7.5	2005	2012
S74	Female	103090000080000	31.4	Y	148	163	9.329586083	9.5	1996	2018
S798	Female	110120000031200	10	N	148	156.57	9.329586083	5	2011	2016
S818	Female	112000000081200	10	N	148	157	9.329586083	6	2009	2013
S825	Female	109110000030900	13	Y	148	162	9.329586083	5	2010	2018
S851	Female	108120000111200	14.7	Y	148	161	9.329586083	6.8	2010	2018
S913	Female	102080000080000	18.3	N	148	161	9.329586083	9.4	1995	2004
S928	Female	101100000031000	8	N	148	150	9.329586083	7	2002	2003
S938	Female	101100000011000	17	N	148	154	9.329586083	7	2002	2012
S948	Female	109100000010000	25	N	148	167.89	9.329586083	7.3	1997	2015
S2164	Male	211000000011000	8.9	N	148.2	148.2	8.927208784	9	2014	2014
S1057	Female	101000000021200	15	N	148.7	159.3	9.456920559	5	2004	2014
S696	Female	101091200100000	9	Y	148.8	152	9.475311375	4	2013	2018
S46	Male	201120000030800	15.2	N	148.9	148	9.162418104	9.2	2008	2014
S1010	Male	202120000081200	9.2	N	149	149	9.197225163	9.2	2011	2011
S125	Female	110000000010800	19.7	Y	149	163.5	9.512245911	7.7	2006	2018
S1312	Female	112000000021200	9	N	149	151	9.512245911	9	2009	2012
S1372	Female	103000000030809	10	Y	149	158	9.512245911	5	2013	2018
S2039	Female	101031000080000	11.6	Y	149	155.35	9.512245911	6.6	2012	2017
S626	Female	108000000081000	16	N	149	162.3	9.512245911	9	2006	2013
S729	Female	103000000021200	19.4	Y	149	164	9.512245911	5.5	2004	2018
S731	Female	103080000091000	14	N	149	164	9.512245911	7	2005	2012
S733	Female	103081000080000	27	Y	149	177	9.512245911	5	1996	2018
S778	Female	110120000010300	13	Y	149	157	9.512245911	6	2011	2018
S832	Female	109120000031000	13	Y	149	160.31	9.512245911	7	2010	2017
S869	Female	101030800110000	12.6	N	149	153.5	9.512245911	7.7	2011	2016
S915	Female	103100000090000	16.5	N	149	158	9.512245911	9.6	1996	2003
S947	Male	201020000010000	12.2	N	149	150	9.197225163	9.2	2000	2003
S969	Female	109000000091200	19.5	Y	149	162	9.512245911	6.5	2005	2018
S1463	Female	408110000091100	9.6	Y	149.04	159.56	9.519657	9.6	2013	2016
S1302	Female	112000000030900	10.7	N	150	158	9.700051757	9.8	2007	2008
S1454	Female	103000000030000	16	N	150	162	9.700051757	8.9	1995	2003
S2008	Female	101020900020000	11	Y	150	163	9.700051757	5	2012	2018
S2051	Female	108110000100000	29.5	Y	150	153.18	9.700051757	9.6	1997	2017
S229	Male	202090000011200	9.6	N	150	150	9.563802778	9.6	2011	2011
S25	Female	108000000110000	28.5	Y	150	174	9.700051757	7.5	1997	2018
S49	Female	102030000010209	18.9	N	150	154.78	9.700051757	9	2005	2015
S607	Female	101100000090000	15	N	150	159	9.700051757	8.1	1995	2003
S690	Female	101091000120000	11.4	Y	150	158	9.700051757	6.5	2013	2018
S861	Female	102080000090000	32.4	Y	150	169	9.700051757	10.4	1995	2018
S925	Female	108100000111200	12.6	N	150	161	9.700051757	6.7	2006	2012
S932	Female	102090000031200	14.6	N	150	156	9.700051757	7.6	2003	2010
S939	Female	102030000081000	21.2	Y	150	160.73	9.700051757	6.2	2002	2017
S952	Female	108090000030900	10.2	N	150.2	150.2	9.738256255	10.2	2008	2008
S2099	Female	103120000031100	14.9	N	150.3	158.67	9.757440921	7	2008	2016
S2068	Female	102030800080000	10	Y	150.4	165	9.776680953	6	2014	2018
S2123	Female	102031200090000	9	Y	150.6	155	9.815328405	6	2015	2018
S2095	Female	102091100110000	18.4	Y	150.91	153.5	9.87567826	16.4	2016	2018
S1017	Male	203090000081000	10	N	151	151	9.96903553	10	2011	2011
S1211	Female	109120000020000	10.7	N	151	151	9.893302003	10.8	1998	1998
S1241	Female	102090000030900	8.1	N	151	151	9.893302003	8.2	2003	2003
S130	Female	110110000010200	13.6	N	151	157.33	9.893302003	8.6	2010	2015
S1304	Female	102000000010000	23.9	N	151	155	9.893302003	9.9	1995	2009
S1362	Female	108000000020300	14.5	N	151	153	9.893302003	7.6	2005	2012
S1368	Female	101081000030000	7.7	N	151	152.66	9.893302003	6.7	2012	2013
S138	Female	112000000091100	12	N	151	164.5	9.893302003	5	2007	2014
S1400	Female	108120000010000	20.5	N	151	151	9.893302003	12.6	1997	2005
S1462	Female	108100000021200	13	Y	151	168.58	9.893302003	5	2009	2017
S18	Female	401031100080000	9.8	N	151	151	9.893302003	9.8	2014	2014
S2052	Female	109120000081000	15.4	Y	151	150.89	9.893302003	8.5	2010	2017
S369	Male	203120000021200	15	Y	151	151.83	9.96903553	10	2011	2016
S596	Female	101090000021100	7.4	N	151	151	9.893302003	7.5	2001	2001
S625	Female	103120000080000	17.9	N	151	158	9.893302003	12	1998	2004
S805	Female	111120000020900	11.1	N	151	154.94	9.893302003	9.1	2011	2013
S883	Female	401080000090000	9.3	N	151	151	9.893302003	9.4	2012	2012
S919	Female	101020000021200	13.9	N	151	149.4	9.893302003	9.9	2000	2004
S921	Female	101090000011100	12.7	N	151	151	9.893302003	7.7	2001	2006
S929	Female	101110000020300	10.2	N	151	158	9.893302003	8.3	2002	2005
S966	Female	111120000110000	11	N	151	157	9.893302003	8.3	1999	2002
S541	Male	210000000081100	10.1	N	151.2	151.2	10.05546959	10.1	2014	2014
S2103	Female	102031100090000	9.6	Y	151.5	155	9.992069242	6.6	2015	2018
S2131	Male	209120000020900	11.2	Y	151.6	151.66	10.23439273	10.3	2015	2016
S953	Female	108090000111200	18.1	N	151.8	160.08	10.05203966	10.1	2008	2016
S1360	Female	103120000020300	11.3	N	151.9	152	10.07215028	7.3	2008	2012
S1221	Female	101110000111200	7	N	152	153	10.09232176	6	2002	2003
S1222	Female	101120000010800	6	N	152	152	10.09232176	6	2002	2002
S124	Female	109120000031100	15	Y	152	166	10.09232176	7	2010	2018
S1408	Female	101120000110000	18.1	N	152	159	10.09232176	10.1	1995	2003
S1460	Female	108000000081100	16.1	Y	152	154	10.09232176	10.1	2012	2018
S2018	Female	101030910120000	8.9	Y	152	152	10.09232176	8.9	2018	2018
S2032	Female	109100000101200	14	Y	152	166	10.09232176	5	2009	2018
S2134	Female	110120000031000	12	Y	152	159	10.09232176	5	2011	2018
S34	Female	101100000030000	25	N	152	161.25	10.09232176	8	1995	2015
S645	Female	108100000091100	15.1	N	152	161	10.09232176	10.2	2009	2014
S879	Female	102080000110000	33.1	Y	152	168	10.09232176	10.1	1995	2018
S899	Female	109110000110000	20.4	N	152	NA	10.09232176	7.4	1998	2011
S943	Female	108120000030900	16.8	Y	152	159	10.09232176	7.8	2009	2018
S494	Female	102091000030000	6.4	N	152.5	152.5	10.1941049	6.4	2014	2014
S87	Male	208000000081200	10.8	N	152.7	153.2	10.77422872	10.8	2014	2014
S1188	Male	201020300030000	10.9	N	153	153	10.93562949	11	2005	2005
S1219	Female	401110000011100	7	N	153	153	10.29746615	7	2007	2007
S1228	Female	102090000010300	8.7	N	153	153	10.29746615	8.7	2003	2003
S131	Female	110120000080900	14	Y	153	160	10.29746615	7	2011	2018
S2081	Female	108120000030800	14	Y	153	165	10.29746615	5	2009	2018
S484	Female	101090000020300	9	N	153	157	10.29746615	5	2001	2005
S593	Female	101080000111200	21	N	153	166	10.29746615	7	1995	2011
S69	Female	111000000080900	21.3	Y	153	165	10.29746615	10.3	2007	2018
S704	Female	102120000081000	19	N	153	169	10.29746615	17	2003	2015
S830	Female	109120000021200	16.3	N	153	161.5	10.29746615	10.3	2010	2016
S882	Female	101030900080000	9.5	N	153	153	10.29746615	9.5	2012	2012
S907	Female	101080000010200	10.6	N	153	153	10.29746615	10.6	2000	2000
S94	Female	108100000011000	14	Y	153	164.77	10.29746615	6	2009	2017
S21	Female	101031100110000	11	Y	153.5	159	10.40245519	7	2014	2018
S2044	Female	402030000120000	9.8	N	153.8	155.78	10.46625154	7.8	2014	2016
S1067	Female	108120000021200	7	N	154	156	10.50912414	6	2009	2010
S1172	Female	101030000030000	17.5	N	154	166	10.5	10.5	1995	2002
S1321	Female	108120000081000	9.1	N	154	162	10.50912414	8.1	2010	2011
S2029	Female	101030900110000	22	Y	154	158.95	10.50912414	17.1	2012	2017
S2143	Female	110120000120000	29.5	Y	154	171	10.50912414	10.6	1999	2018
S492	Female	103100000110000	26	N	154	163	10.50912414	13.1	1996	2009
S590	Female	101080000010900	10	N	154	167	10.50912414	5	2000	2005
S720	Female	101110000080910	28	Y	154	165	10.50912414	6	1995	2018
S741	Female	101110000010300	21.5	N	154	171	10.50912414	10.6	2002	2013
S852	Female	110110000011200	16.5	Y	154	166.25	10.50912414	10.6	2011	2017
S876	Male	201120000080000	19.5	N	154	155	11.52851672	11.6	2000	2008
S891	Female	112000000020900	13.5	N	154	161	10.50912414	10.6	2009	2012
S942	Female	112000000011200	16.5	N	154	165	10.50912414	10.6	2009	2015
S946	Female	111120000101200	12.5	N	154	161.5	10.50912414	10.6	2011	2013
S95	Female	108100000011200	17.5	N	154	166.2	10.50912414	10.6	2009	2016
S950	Female	110000000030800	10	N	154	167	10.50912414	6	2006	2010
S1396	Male	209100000101100	12.7	Y	154.2	154.1	11.6589073	11.7	2015	2016
S81	Female	103111200100000	10.6	N	154.3	154.3	10.57395447	10.6	2014	2014
S1403	Female	101000000091000	15.7	N	155	169	10.72772296	10.8	2004	2009
S1407	Female	110000000020800	13.6	N	155	163	10.72772296	10.7	2006	2009
S1466	Female	110110000031100	15.7	N	155	163	10.72772296	10.8	2011	2016
S2108	Female	109100000031200	19.7	Y	155	160	10.72772296	10.8	2009	2018
S29	Female	101081000110000	4	N	155	151	10.72772296	3	2013	2014
S499	Female	101020300010000	8	N	155	NA	10.72772296	7	2011	2012
S757	Female	109100000030000	25.8	N	155	167.67	10.72772296	7.8	1997	2015
S872	Female	108110000021200	18.1	Y	155	161	10.72772296	8.2	2008	2018
S2078	Female	102031000090000	13.8	Y	155.21	157	10.77455372	10.8	2015	2018
S718	Female	101101100020000	8.9	N	155.6	155	10.86240767	8.9	2013	2013
S1253	Female	102120000081100	11	N	156	156	10.9537333	11	2003	2003
S1261	Female	110120000010000	11	N	156	156	10.9537333	11	1999	1999
S1320	Female	108120000031100	13	N	156	160	10.9537333	11	2009	2011
S1361	Female	103120000110000	27	N	156	164	10.9537333	11	1996	2012
S1388	Female	108110000080911	16	Y	156	NA	10.9537333	11	2012	2017
S1391	Female	109110000021012	11	N	156	171.1	10.9537333	6	2010	2015
S1445	Female	101030900030000	10	N	156	162.6	10.9537333	6	2012	2016
S44	Female	101120000120000	19	N	156	165	10.9537333	7.7	1995	2006
S491	Female	101080000020900	21.6	N	156	170	10.9537333	11.6	2000	2010
S58	Female	102030800100000	11	N	156	156	10.9537333	11	2014	2014
S598	Female	101100000010200	17	N	156	158	10.9537333	11	2001	2007
S623	Female	102120000030900	7	N	156	156	10.9537333	7	2003	2003
S77	Female	103100000010200	12	N	156	172	10.9537333	9	2007	2014
S875	Female	110000000100000	15	N	156	154.8	10.9537333	11	2012	2016
S894	Female	101100000081100	17.5	N	156	162	10.9537333	7.5	2002	2012
S914	Female	402110000120000	11	N	156	156	10.9537333	11	2002	2002
S695	Female	101091200080000	9	Y	156.9	164	11.16390832	4	2013	2018
S1249	Female	102110000021200	11.2	N	157	157	11.18767543	11.2	2003	2003
S1354	Female	101080900110000	12.2	N	157	162	11.18767543	11.2	2012	2013
S728	Female	102081000091100	15.2	N	157	161	11.18767543	11.2	2009	2013
S754	Female	108090000100000	33.2	Y	157	181	11.18767543	11.2	1996	2018
S816	Female	111000000111200	20	Y	157	160.03	11.18767543	10	2007	2017
S920	Female	101080000020300	14.2	N	157	158	11.18767543	11.2	2000	2003
S957	Female	109100000080000	31.2	Y	157	173.5	11.18767543	11.2	1997	2017
S2098	Female	401031200021200	22	Y	157.2	157	11.23546536	19	2015	2018
S1236	Female	102090000020800	11.4	N	158	158	11.43012639	11.5	2003	2003
S1239	Female	102090000021200	11.4	N	158	158	11.43012639	11.5	2003	2003
S129	Female	110000000120000	24.4	Y	158	173	11.43012639	11.5	2005	2018
S1322	Female	109120000010800	14.4	N	158	157	11.43012639	11.5	2008	2011
S1452	Female	102030000091200	20.4	N	158	NA	11.43012639	11.5	2002	2011
S2013	Female	112000000010800	19.4	Y	158	158.64	11.43012639	11.5	2009	2017
S2055	Male	209000000080900	19.8	Y	158	158.64	15.75394859	15.8	2013	2017
S24	Female	101031200080000	17.4	Y	158	161	11.43012639	11.5	2012	2018
S612	Female	111120000020000	14.4	N	158	164	11.43012639	11.5	1999	2002
S633	Female	101091200030000	9.9	N	158	154	11.43012639	8.9	2013	2014
S717	Female	101091100090000	14	Y	158	164	11.43012639	9	2013	2018
S910	Female	103090000110000	18.4	N	158	162	11.43012639	11.5	1996	2003
S2031	Female	102091200080000	12.5	Y	158.21	160.59	11.48218094	11.5	2016	2017
S126	Female	110000000080000	17.5	N	158.3	155.6	11.50461506	11.6	2008	2014
S1220	Female	101110000020809	11.7	N	159	159	11.68172858	11.7	2007	2007
S1319	Female	102000000020900	17.7	N	159	160	11.68172858	11.7	2005	2011
S1325	Female	110110000101200	13.7	N	159	161.59	11.68172858	11.7	2011	2013
S133	Female	111120000091100	18.7	Y	159	169	11.68172858	11.7	2011	2018
S2118	Female	101081200010000	15.7	N	159	160.58	11.68172858	11.7	2012	2016
S27	Female	101080900010000	13.7	N	159	164	11.68172858	11.7	2012	2014
S587	Female	112000000100000	34.7	Y	159	152	11.68172858	11.7	1995	2018
S592	Female	101080000101100	8	N	159	165	11.68172858	5	2001	2004
S599	Female	101100000020300	11.7	N	159	159	11.68172858	11.7	2001	2001
S617	Female	102090000031000	17.7	N	159	162	11.68172858	11.7	2003	2009
S732	Female	103080000100000	12.1	N	159	159	11.68172858	12.2	2012	2012
S784	Female	108000000010800	22.7	N	159	168.35	11.68172858	11.7	2005	2016
S904	Female	101000000010900	19.7	N	159	160.87	11.68172858	11.7	2000	2008
S940	Female	101080000031200	10	N	159	161	11.68172858	5	2001	2006
S2124	Female	102081100100000	13.7	Y	159.09	163	11.70484554	11.8	2016	2018
S1366	Female	101030900120000	11.7	N	159.12	154.94	11.71256904	11.8	2013	2013
S2141	Female	108091000020000	12.8	Y	159.5	160	11.81118249	11.9	2017	2018
S880	Female	109000000100000	19.8	N	159.5	NA	11.81118249	11.9	2008	2016
S14	Female	401031000090000	11.9	N	159.8	159.8	11.89007887	11.9	2014	2014
S1238	Female	102090000021100	11.9	N	160	160	11.9432	12	2003	2003
S1450	Female	103090000081200	17.9	N	160	171.58	11.9432	12	2009	2015
S2110	Female	101081000020000	15.9	N	160	164.57	11.9432	12	2012	2016
S681	Female	101030800080000	13	Y	160	168.22	11.9432	7	2011	2017
S713	Female	401030900090000	11.9	N	160	160	11.9432	12	2013	2013
S799	Female	110120000091100	14	Y	160	167.97	11.9432	8	2011	2017
S96	Female	108100000030800	20.9	Y	160	178	11.9432	12	2009	2018
S960	Female	110110000020000	13.9	N	160	165	11.9432	12	1998	2000
S1264	Female	112000000020300	12.2	N	161	161	12.21534663	12.3	2007	2007
S608	Female	110120000020000	17.2	N	161	169	12.21534663	12.3	1999	2004
S722	Female	102000000031200	18.2	N	161	163	12.21534663	12.3	2006	2012
S82	Female	112000000021000	21.2	Y	161	170	12.21534663	12.3	2009	2018
S877	Female	101080000090000	23.2	N	161	167	12.21534663	12.3	1995	2006
S123	Female	109120000030900	13.3	N	161.4	162	12.32739409	12.4	2013	2014
S2096	Female	108101200090000	14.3	Y	161.46	166	12.34436482	12.4	2016	2018
S1464	Female	109000000080900	20.5	N	162	167	12.49907739	12.5	2005	2013
S39	Female	101111200010000	16.5	Y	162	163.24	12.49907739	12.5	2013	2017
S796	Female	110120000030800	14.5	N	162	164.8	12.49907739	12.5	2011	2013
S956	Female	110000000080900	15.5	N	162	162.8	12.49907739	12.5	2005	2008
S2079	Female	102091000110000	14.5	Y	162.17	158	12.54853576	12.6	2016	2018
S2083	Female	102080000010308	12.6	N	162.44	161.5	12.62784932	12.7	2016	2016
S1217	Female	101000000021100	12.6	N	162.5	162.5	12.64560344	12.7	2004	2004
S1224	Female	101120000021100	13.8	N	163	163	12.79542248	12.8	2002	2003
S127	Female	101100000101100	26.8	N	163	173.7	12.79542248	12.8	2001	2015
S1352	Female	101031200100000	12.8	N	163	163	12.79542248	12.8	2012	2012
S901	Female	101080900021100	22.8	N	163	170	12.79542248	12.8	2000	2010
S63	Female	102030900120000	13.1	N	164	164	13.10555592	13.2	2014	2014
S648	Female	108120000011200	20.1	N	164	171.77	13.10555592	13.2	2009	2016
S726	Female	102080000011000	19	N	164	177.96	13.10555592	5	2002	2016
S965	Female	102080000020300	13.1	N	164	164	13.10555592	13.2	2002	2002
S1404	Female	101100000020800	15.4	N	165	172	13.43082368	13.5	2001	2003
S2145	Female	111120000080000	32.4	Y	165	169	13.43082368	13.5	1999	2018
S604	Female	101110000020800	16.4	N	165	168	13.43082368	13.5	2002	2005
S888	Female	109100000110000	19.4	N	165	178	13.43082368	13.5	1997	2003
S2009	Female	101020000030800	31.8	Y	166	188.31	13.77277897	13.8	1999	2017
S886	Female	108100000100000	21.8	N	166	169	13.77277897	13.8	1997	2005
S912	Female	101100000010000	20.8	N	166	167	13.77277897	13.8	1995	2002
S2104	Female	102081100080000	15.9	Y	166.44	173	13.92898065	14	2016	2018
S1213	Female	110110000100000	9	N	167	NA	14.13322711	8	1998	1999
S1278	Female	101030000030800	23.1	N	167	168	14.13322711	14.2	2000	2009
S1375	Female	109101112110000	14.1	N	167	NA	14.13322711	14.2	2013	2013
S2097	Female	109000000110000	31.1	Y	167	172	14.13322711	14.2	2001	2018
S585	Female	101030000030900	16.1	N	167	171	14.13322711	14.2	2000	2002
S613	Female	102030000091100	14.1	N	167	167	14.13322711	14.2	2002	2002
S614	Female	102080000010000	21.1	N	167	171	14.13322711	14.2	1995	2002
S616	Female	101020000011000	22.1	N	167	170	14.13322711	14.2	1999	2007
S881	Female	111000000110000	24.1	N	167	167	14.13322711	14.2	1995	2005
S933	Female	108100000090000	27.1	N	167	170	14.13322711	14.2	1997	2010
S1356	Female	102110000010200	23.5	N	168	171	14.51428321	14.6	2003	2012
S1448	Female	102090000020300	26.5	N	168	172.52	14.51428321	14.6	2003	2015
S583	Female	101020000030900	26.5	N	168	173	14.51428321	14.6	1999	2011
S62	Female	102030900110000	14.5	N	168	168	14.51428321	14.6	2014	2014
S33	Female	401100000020000	14.8	N	168.7	168.7	14.79460478	14.8	2014	2014
S15	Female	401031000100000	15.8	N	168.8	170.5	14.83563055	14.9	2014	2015
S1226	Female	102080000021200	14.9	N	169	169	14.91844735	15	2003	2003
S1405	Female	103000000091200	19.9	N	169	178	14.91844735	15	2004	2009
S622	Female	102110000090000	19.9	N	169	172	14.91844735	15	1995	2000
S959	Female	101020000010210	41.9	Y	169	179.12	14.91844735	15	1990	2017
S1209	Female	101020000031000	27.3	N	170	180	15.34870416	15.4	2000	2012
S1300	Female	402080000010200	15.3	N	170	170	15.34870416	15.4	2001	2001
S161	Female	109000000090000	29.3	N	170	173	15.34870416	15.4	1993	2007
S2059	Female	101080000020000	29	Y	170	169.69	15.34870416	8	1995	2017
S23	Female	401031200020000	17.3	N	170	173.55	15.34870416	15.4	2014	2016
S2041	Female	102091200090000	16.8	Y	170.98	172.76	15.79913962	15.8	2016	2017
S2082	Female	101030900090000	19.8	N	171	172.18	15.80865664	15.9	2012	2016
S600	Female	101100000030900	15.8	N	171	171	15.80865664	15.9	2001	2001
S1402	Female	110000000081000	21.3	N	172	172	16.30270978	16.4	2006	2011
S490	Female	108000000030000	29.3	N	172	169	16.30270978	16.4	1990	2003
S1059	Female	102080900080000	21.8	N	173	172	16.83632784	16.9	2009	2014
S1252	Female	102120000031200	16.8	N	173	173	16.83632784	16.9	2003	2003
S481	Female	101100000101200	16.8	N	173	173	16.83632784	16.9	2001	2001
S664	Female	103090000010200	37.8	Y	173	177.13	16.83632784	16.9	1996	2017
S1216	Female	111120000100000	17.4	N	174	174	17.41640368	17.5	1999	1999
S68	Female	102090000090000	40.4	Y	174	180	17.41640368	17.5	1995	2018
S822	Female	108000000021000	22.4	N	174	179	17.41640368	17.5	2006	2011
S847	Female	108110000030900	27.4	Y	174	182	17.41640368	17.5	2008	2018
S1461	Female	108090000101200	27.8	Y	176.1	177.58	18.82869699	18.9	2008	2017
S735	Female	103100000010000	30.5	N	177	180	19.53942856	19.6	1996	2007
S909	Female	102110000080000	26.5	N	177	177	19.53942856	19.6	1995	2002
S55	Female	102030800020000	20.3	N	177.9	177.9	20.33507361	20.4	2014	2014
S2106	Female	103080900120000	22.8	Y	179.3	180	21.79926433	21.8	2017	2018
S1263	Female	111000000081000	22.7	N	180	180	22.67278608	22.7	2007	2007
S1389	Female	109100000010200	29.7	N	180	187.3	22.67278608	22.7	2008	2015
S1260	Female	110000000091000	26.1	N	182	182	26.07829024	26.1	2006	2006
S663	Female	102031012010000	30.7	N	185	185.6	22.7	22.7	2007	2015
S1286	Male	202030000030000	6.5	N	138	138	6.54	6.6	2000	2000
S1290	Female	101080000031100	23.4	N	174	175	17.4	17.4	2001	2007
S1329	Female	111000000101112	7.6	N	149	149	7.62	7.7	2011	2011
S1367	Female	101080900091200	12.5	N	149.04	159.56	9.5	9.6	2013	2016
S2149	Male	202090000101100	3.4	N	105	105	3.36	3.4	2011	2011
S483	Female	101080000081200	7	N	135	139	5	5	2001	2003
S606	Female	101120000030900	8	N	154	156	6	6	2002	2004
S64	Female	402031000010000	10	Y	144.1	145	6	6	2014	2018
S738	Female	101081200030000	12	Y	140	151	7	7	2013	2018
S831	Female	109120000030800	5.8	N	140	145	4.81	4.9	2010	2013
S835	Female	112000000011100	20	Y	155	161	11	11	2009	2018
S935	Female	101110000021100	7	N	NA	NA	7	7	2002	2002