SimRun cov1 Treatment empty cov2 cov3 eventtime Status
1 1 0 0 123.345956926549 37.121635675567 37.121635675567 0
1 2 0 0 7.562774900051 49.5419275404639 7.562774900051 1
0 2 0 0 16.1278900799259 105.639508442029 16.1278900799259 1
0 0 1 0 12.551104265088 121.766794471483 12.551104265088 1
0 2 1 0 74.8275166897507 226.734953413469 50 0
0 1 1 0 63.0730026768567 30.7873352375863 30.7873352375863 0
0 0 1 0 13.5915362330499 121.081026435668 13.5915362330499 1
0 2 1 0 69.4294903110144 359.743726296136 50 0
0 1 0 0 49.9313070709864 155.123558750112 49.9313070709864 1
0 0 0 0 11.3225881386481 129.274119067227 11.3225881386481 1
0 0 1 0 10.2005148754372 121.107189021103 10.2005148754372 1
0 2 1 0 240.260498184623 14.9904162725922 14.9904162725922 0
0 2 1 0 262.978050915799 29.3419270651476 29.3419270651476 0
0 0 0 0 13.132267573059 234.071223435342 13.132267573059 1
0 2 1 0 92.0041245106514 133.171356818395 50 0
0 1 1 0 25.1832684430865 1.29551731453886 1.29551731453886 0
0 1 1 0 401.429092359347 57.2294577233146 50 0
0 1 1 0 50.2936483851299 26.790133802645 26.790133802645 0
0 0 1 0 13.3172305322799 258.807981385429 13.3172305322799 1
0 2 0 0 22.4768744794584 135.978863886476 22.4768744794584 1
0 2 0 0 30.6667360259613 79.8645438605214 30.6667360259613 1
0 2 1 0 428.803161811655 286.217204805468 50 0
0 2 0 0 148.021758389523 183.645743854353 50 0
0 1 0 0 12.4153581814551 83.1428430558321 12.4153581814551 1
0 2 1 0 1738.09506790516 57.1078666687193 50 0
0 1 0 0 14.7177437749107 29.8350858836014 14.7177437749107 1
0 0 1 0 11.7881738697874 199.814108289801 11.7881738697874 1
0 2 1 0 83.1710544441416 153.387772852488 50 0
0 2 1 0 377.367967653558 81.9627065274771 50 0
0 1 0 0 9.39714256160166 75.9100677636196 9.39714256160166 1
0 1 0 0 21.6726726770818 83.3749187984533 21.6726726770818 1
0 2 0 0 49.3819837624668 2.14963572329549 2.14963572329549 0
0 1 0 0 8.63494683805723 167.227014221998 8.63494683805723 1
0 2 1 0 193.864142723048 170.317825409421 50 0
0 0 1 0 7.83323210931035 21.7902843503745 7.83323210931035 1
0 1 1 0 47.5622129001991 40.7377537590165 40.7377537590165 0
0 2 1 0 130.908733866794 23.7920659164672 23.7920659164672 0
0 1 0 0 15.7745434876278 167.632406771187 15.7745434876278 1
0 1 1 0 51.7586189643939 95.9932508061912 50 0
0 2 0 0 7.82022828220466 100.75124535047 7.82022828220466 1
0 1 1 0 129.723078165513 251.206631595284 50 0
0 2 0 0 19.0119495499793 143.825294517393 19.0119495499793 1
0 2 0 0 16.5996857561625 15.0930327583189 15.0930327583189 0
0 1 1 0 1467.76617764542 22.2959647881389 22.2959647881389 0
0 2 1 0 79.2608277949428 13.0556666278517 13.0556666278517 0
0 0 0 0 7.40738714340237 0.450225405563825 0.450225405563825 0
0 2 0 0 18.8660256577905 71.3060355152271 18.8660256577905 1
0 1 0 0 52.4087475052243 2.29366761739015 2.29366761739015 0
0 2 0 0 35.6791660638172 4.21488449063869 4.21488449063869 0
0 2 1 0 57.2307300981306 212.695249926259 50 0
0 2 0 0 13.7610770974001 61.6982611531588 13.7610770974001 1
0 1 1 0 20.217280248633 274.917114942946 20.217280248633 1
0 2 1 0 276.701559842159 117.358396489581 50 0
0 2 0 0 7.84990307677586 15.2628083022707 7.84990307677586 1
0 1 1 0 153.83204700022 167.394159663213 50 0
0 1 0 0 7.51431232179344 24.8772120243309 7.51431232179344 1
0 1 0 0 36.4627392354555 134.271208227909 36.4627392354555 1
0 2 1 0 57.4520578051863 66.1325595153187 50 0
0 2 0 0 9.84461059541937 78.8479531401271 9.84461059541937 1
0 2 1 0 55.0608173100277 149.851000996232 50 0
0 2 0 0 12.437938212594 27.021446817568 12.437938212594 1
0 1 1 0 125.072964175604 3.22337958997294 3.22337958997294 0
0 2 0 0 11.4844615123473 152.290817318089 11.4844615123473 1
0 2 1 0 375.919647560789 62.23949439581 50 0
0 1 0 0 8.23251856606545 446.417714767983 8.23251856606545 1
0 2 1 0 129.280845998824 8.41956951339737 8.41956951339737 0
0 2 0 0 8.36747409120184 30.2719289590567 8.36747409120184 1
0 1 1 0 165.789173918914 4.20011318355478 4.20011318355478 0
0 2 1 0 56.8021951448389 149.656801053686 50 0
0 2 0 0 12.2099514477303 34.54247178548 12.2099514477303 1
0 2 0 0 17.2708293528542 5.57978943555327 5.57978943555327 0
0 2 1 0 181.58792211416 143.49605052472 50 0
0 2 0 0 12.4703147856072 65.6216872965103 12.4703147856072 1
0 2 1 0 106.724678872127 46.6632986325077 46.6632986325077 0
0 2 0 0 7.52640897420817 260.399835332357 7.52640897420817 1
0 2 1 0 111.23598107329 31.1510123508219 31.1510123508219 0
0 2 1 0 291.803934999944 10.6199627898807 10.6199627898807 0
0 2 1 0 58.1627613489815 73.1883210297899 50 0
0 2 1 0 126.276696615601 133.538732838746 50 0
0 0 1 0 10.6260651141364 119.473398954909 10.6260651141364 1
0 0 0 0 52.5072843971907 75.7158863637087 50 0
0 1 1 0 55.0597498247052 32.5425491812266 32.5425491812266 0
0 0 0 0 18.8365322086186 76.2649170201581 18.8365322086186 1
0 2 0 0 14.7424614692192 163.692324804906 14.7424614692192 1
0 1 0 0 16.149149492085 3.71683601732933 3.71683601732933 0
0 2 0 0 33.0537986968562 2.27608554744812 2.27608554744812 0
0 1 0 0 9.20798119126756 118.716962200926 9.20798119126756 1
0 1 0 0 22.260032281953 38.466400418063 22.260032281953 1
0 2 0 0 252.993557960857 94.8533898086133 50 0
0 1 0 0 376.247313229314 58.8032865826462 50 0
0 2 1 0 80.3639169710297 27.7655890923965 27.7655890923965 0
0 2 1 0 110.827135460484 43.580862729145 43.580862729145 0
0 2 0 0 8.34490625558763 36.672758655472 8.34490625558763 1
0 1 0 0 10.6847587513082 162.308924063025 10.6847587513082 1
0 2 0 0 19.0033820200715 19.8503701500346 19.0033820200715 1
0 2 1 0 1233.92632386503 16.5994309506659 16.5994309506659 0
0 1 0 0 54.0620408397153 84.2724995198986 50 0
0 1 1 0 45.7809241079989 104.362355509374 45.7809241079989 1
0 2 0 0 11.8196650850508 32.87086111961 11.8196650850508 1
0 1 0 0 11.8486667892859 2.60924061492261 2.60924061492261 0
0 1 1 0 32.7228772998054 2.99529460910502 2.99529460910502 0
0 2 0 0 18.2149440874706 34.6998872237041 18.2149440874706 1
0 1 0 0 9.47059239385875 18.8919527725904 9.47059239385875 1
0 1 0 0 158.174820088397 24.4036396597696 24.4036396597696 0
0 1 1 0 87.7722837302465 157.406273320252 50 0
0 2 1 0 66.0214821115091 175.571116040133 50 0
0 2 1 0 357.795267507045 293.656710835319 50 0
0 2 0 0 29.5140376916545 305.802237760101 29.5140376916545 1
0 1 1 0 46.1701069095696 151.33579604883 46.1701069095696 1
0 1 1 0 32.7812078609759 6.97153267284964 6.97153267284964 0
0 2 1 0 58.1535584506846 11.6026231717608 11.6026231717608 0
0 1 0 0 16.6539023605034 2.42736192082205 2.42736192082205 0
0 1 0 0 252.910282079856 93.0733417854255 50 0
0 2 0 0 63.0758032620221 58.5192064392897 50 0
0 1 0 0 10.7675373452353 40.8796258992326 10.7675373452353 1
0 2 1 0 62.1217275418693 103.278627613191 50 0
0 0 0 0 10.5325375305628 28.390949764499 10.5325375305628 1
0 1 1 0 52.2595207359365 32.3462771717893 32.3462771717893 0
0 1 0 0 8.22281502001985 91.4850914890353 8.22281502001985 1
0 1 0 0 16.7308090016523 17.6882735157929 16.7308090016523 1
0 0 0 0 169.500261326169 116.180229875137 50 0
0 2 0 0 8.98257653733521 168.633723428819 8.98257653733521 1
0 2 1 0 68.3983439879271 0.725254269221814 0.725254269221814 0
0 0 1 0 9.772948059448 34.6126997214787 9.772948059448 1
0 1 1 0 24.8881472498966 98.9080492696873 24.8881472498966 1
0 1 0 0 19.4465128826194 335.524317479361 19.4465128826194 1
0 0 0 0 9.34936422129386 35.3772467174579 9.34936422129386 1
0 1 1 0 32.8307400850825 64.1641885205745 32.8307400850825 1
0 2 1 0 180.23131030136 48.8528414735735 48.8528414735735 0
0 2 1 0 75.9362358990069 32.9056568553306 32.9056568553306 0
0 1 0 0 55.954160236787 38.1002610252976 38.1002610252976 0
0 2 0 0 8.96681466628241 111.346780268885 8.96681466628241 1
0 2 1 0 74.4151883267604 144.617123146047 50 0
0 1 0 0 10.5445298716482 60.7585630674254 10.5445298716482 1
0 0 1 0 10.8898573492304 67.0614901151738 10.8898573492304 1
0 0 0 0 8.89710740055242 30.5169993407889 8.89710740055242 1
0 2 0 0 11.0776204228267 28.0692083635763 11.0776204228267 1
0 2 0 0 26.1460965869516 60.3299043496669 26.1460965869516 1
0 2 1 0 81.7715942898842 57.8736316819216 50 0
0 1 1 0 23.7907314491839 35.4970047621045 23.7907314491839 1
0 2 0 0 15.3816493893022 187.706928850005 15.3816493893022 1
0 2 1 0 56.4072734598698 22.0633438109745 22.0633438109745 0
0 1 0 0 164.588453118042 36.6357679760157 36.6357679760157 0
0 2 0 0 7.62885849301211 55.1451675209011 7.62885849301211 1
0 0 0 0 8.31231187664925 7.26155126434461 7.26155126434461 0
0 2 0 0 90.0428836765417 149.058521168073 50 0
0 0 1 0 23.8985855027678 35.4512986011269 23.8985855027678 1
0 2 1 0 1307.94691309755 49.3986506524914 49.3986506524914 0
0 1 1 0 27.3018971142839 80.0676070136933 27.3018971142839 1
0 0 0 0 28.2780501534299 99.0116082332677 28.2780501534299 1
0 1 0 0 9.55961686215631 181.837001815376 9.55961686215631 1
0 2 1 0 379.73998009294 16.0087488045472 16.0087488045472 0
0 2 0 0 9.38719831576882 170.622057752194 9.38719831576882 1
0 0 1 0 9.79305238924981 106.02565198336 9.79305238924981 1
0 1 1 0 28.4795116897026 11.8420089054745 11.8420089054745 0
0 1 1 0 174.09555552611 279.379513535491 50 0
0 1 0 0 7.67004678640501 18.819177241934 7.67004678640501 1
0 2 0 0 15.0910610588156 19.8675997210541 15.0910610588156 1
0 2 0 0 7.75055668211873 33.9175467300581 7.75055668211873 1
0 1 0 0 11.5344218851774 80.703388284427 11.5344218851774 1
0 1 0 0 8.5121483525026 98.6140713442118 8.5121483525026 1
0 1 1 0 27.2605366856945 36.8652848297527 27.2605366856945 1
0 2 1 0 113.045408898587 38.0015052660248 38.0015052660248 0
0 1 0 0 21.22329212877 37.8656018891916 21.22329212877 1
0 2 1 0 555.137454546756 30.5516316511298 30.5516316511298 0
0 2 1 0 123.715927777788 302.000656255532 50 0
0 1 1 0 27.6340634990533 43.5206993431115 27.6340634990533 1
0 1 1 0 74.8463541452064 105.640087042686 50 0
0 0 1 0 8.7273329938472 164.31078196305 8.7273329938472 1
0 2 0 0 83.048326012 140.95188162783 50 0
0 1 0 0 105.510585950935 177.389368361867 50 0
0 2 0 0 26.5406136640473 249.067299118769 26.5406136640473 1
0 2 1 0 78.8124606024724 62.8538755905118 50 0
0 0 1 0 8.25434386113643 24.8509179329447 8.25434386113643 1
0 0 1 0 9.38587140842037 79.0663726289536 9.38587140842037 1
0 2 0 0 11.013454444415 11.0546163516562 11.013454444415 1
0 2 0 0 11.704882039663 118.466335560986 11.704882039663 1
0 2 0 0 15.3009265523506 33.1895072294765 15.3009265523506 1
0 1 1 0 36.805371719397 4.38051670707922 4.38051670707922 0
0 2 1 0 122.568161698801 302.459169989685 50 0
0 1 1 0 99.539934002022 63.1679398438298 50 0
0 2 1 0 97.9142860487322 77.709070043667 50 0
0 2 0 0 45.2056511365065 7.40059298224098 7.40059298224098 0
0 1 0 0 15.1827716346413 5.46490293221198 5.46490293221198 0
0 0 0 0 30.7507835565334 84.973818082415 30.7507835565334 1
0 2 1 0 471.465992316063 23.4951930138463 23.4951930138463 0
0 1 1 0 874.194953298061 25.3725388319318 25.3725388319318 0
0 1 1 0 50.2758939911913 106.365340406091 50 0
0 2 0 0 13.1612829402259 235.085470903561 13.1612829402259 1
0 1 0 0 7.61209355639326 63.5694593491197 7.61209355639326 1
0 2 1 0 81.2403028064228 50.0205066762593 50 0
0 1 0 0 13.7125335588354 187.252973741803 13.7125335588354 1
0 2 1 0 238.751217569296 5.30464686825339 5.30464686825339 0
0 1 1 0 80.7970447643157 43.8591078874489 43.8591078874489 0
0 0 1 0 16.364375414903 43.4266492548855 16.364375414903 1
0 2 1 0 55.8656277306096 66.7390160567093 50 0
0 2 0 0 8.65259046368733 60.3681476694054 8.65259046368733 1
0 1 1 0 89.3005629106786 63.5144541719068 50 0
0 2 1 0 56.6881063336824 23.4328964798749 23.4328964798749 0
0 2 1 0 98.8106018390332 24.2242837927233 24.2242837927233 0
0 1 0 0 12.1533656166073 277.490162286763 12.1533656166073 1
0 2 1 0 1053.75954060177 19.8657500167349 19.8657500167349 0
0 1 0 0 27.1977349589674 19.6268091161944 19.6268091161944 0
0 2 0 0 38.8167801798068 102.40664781865 38.8167801798068 1
0 1 1 0 56.5616037244383 1.21650901906757 1.21650901906757 0
0 1 0 0 56.2948950491346 43.0559487634333 43.0559487634333 0
0 1 1 0 74.8448251495162 1.83994650784698 1.83994650784698 0
0 2 1 0 64.2412606681265 87.3849811471967 50 0
0 1 0 0 50.5688620013135 111.747017358131 50 0
0 1 1 0 41.7092535916475 157.588140689208 41.7092535916475 1
0 1 1 0 270.079028705461 108.562418507606 50 0
0 0 0 0 10.672932228085 73.6945976450143 10.672932228085 1
0 2 1 0 110.757816292456 26.8318679655819 26.8318679655819 0
0 1 1 0 228.309493120712 62.1004818971623 50 0
0 2 1 0 6895.87271785888 24.660877568411 24.660877568411 0
0 1 0 0 1192.2690908772 7.39818313438491 7.39818313438491 0
0 2 1 0 61.8963078404017 65.411735357952 50 0
0 1 0 0 35.1399320313849 19.0761810248961 19.0761810248961 0
0 2 0 0 115.165454253607 29.729418653363 29.729418653363 0
0 0 0 0 21.151851915185 78.7261252002853 21.151851915185 1
0 2 0 0 14.7623086119799 36.1421994529121 14.7623086119799 1
0 1 0 0 15.4856747213652 41.8385357411189 15.4856747213652 1
0 1 1 0 35.8698197511409 47.4490077448636 35.8698197511409 1
0 2 0 0 63.0815156653618 3.77648573561491 3.77648573561491 0
0 1 1 0 44.620772695737 98.2021161121195 44.620772695737 1
0 0 0 0 26.7077852472488 42.5612340502597 26.7077852472488 1
0 1 0 0 118.389582853815 68.827268239921 50 0
0 1 0 0 77.7070230152139 28.1483015984861 28.1483015984861 0
0 1 1 0 258.691063855177 126.276294229587 50 0
0 0 1 0 12.078224184243 4.0650112750535 4.0650112750535 0
0 1 0 0 9.83661954457297 24.1523516926042 9.83661954457297 1
0 1 0 0 300.834097606352 33.3632747482415 33.3632747482415 0
0 0 1 0 21.7267437542915 106.06926381862 21.7267437542915 1
0 2 1 0 62.5642855402096 79.8903294526852 50 0
0 2 1 0 84.2360870393295 66.8459552555607 50 0
0 2 1 0 214.676608511978 20.1705646196874 20.1705646196874 0
0 0 1 0 8.71149614227318 39.6059502818668 8.71149614227318 1
0 2 1 0 181.213319750243 155.24983586539 50 0
0 2 1 0 58.5521723806009 35.7383149411713 35.7383149411713 0
0 2 1 0 129.674203094304 36.4939489680275 36.4939489680275 0
0 1 1 0 110.278479249809 66.6395626554591 50 0
0 2 1 0 95.4942014489124 32.6586139634873 32.6586139634873 0
0 1 0 0 12.5602841228709 1.99393275669042 1.99393275669042 0
0 1 1 0 24.13094596423 227.620627163141 24.13094596423 1
0 1 1 0 39.7610935976815 33.7054094238301 33.7054094238301 0
0 2 1 0 69.8691567275147 215.893899786228 50 0
0 2 1 0 770.240437262474 189.52760416667 50 0
0 2 0 0 21.2022716130675 17.6115683709562 17.6115683709562 0
0 2 1 0 85.390689142233 11.6204900186667 11.6204900186667 0
0 2 0 0 17.9711883030732 5.72267252308037 5.72267252308037 0
0 1 0 0 8.8320637879268 62.4873977238407 8.8320637879268 1
0 0 1 0 12.1380518965533 121.256180438901 12.1380518965533 1
0 1 1 0 69.3740470125443 25.935713903276 25.935713903276 0
0 1 0 0 39.8639755136704 21.2498473779621 21.2498473779621 0
0 1 1 0 37.1309101791766 134.937168544897 37.1309101791766 1
0 2 1 0 84.590290443997 125.503196821929 50 0
0 1 0 0 8.63085552511651 77.1447964931159 8.63085552511651 1
0 2 0 0 61.3373521820666 16.5436403017959 16.5436403017959 0
0 2 1 0 59.122237119248 0.816514734893152 0.816514734893152 0
0 1 1 0 20.782956370255 82.536953345751 20.782956370255 1
0 2 1 0 297.203585741633 17.8302928787255 17.8302928787255 0
0 2 0 0 15.7880497913209 124.919747228416 15.7880497913209 1
0 2 1 0 8328.49370725282 40.5125321530947 40.5125321530947 0
0 2 0 0 59.2672089198333 98.9963845712902 50 0
0 2 0 0 9.70883610145512 156.992002697471 9.70883610145512 1
0 2 0 0 7.46222455842327 78.3544260615432 7.46222455842327 1
0 2 0 0 18.5692411108174 58.774211053178 18.5692411108174 1
0 2 1 0 103.257120259455 180.563754729678 50 0
0 2 0 0 204.790658706861 15.368528506239 15.368528506239 0
0 2 1 0 83.9382104118495 108.856765445846 50 0
0 2 1 0 98.5442631956499 26.9783532840705 26.9783532840705 0
0 2 1 0 379.184434192668 23.0953714446127 23.0953714446127 0
0 2 1 0 493.0408268195 201.368124420197 50 0
0 2 0 0 9.24155101908166 63.2250093310437 9.24155101908166 1
0 2 0 0 33.0438488297499 70.3058648966622 33.0438488297499 1
0 1 0 0 8.08656970612372 27.8008273387704 8.08656970612372 1
0 1 1 0 20.3494719154257 85.1832227496645 20.3494719154257 1
0 1 1 0 60.4027035343689 38.8220114773213 38.8220114773213 0
0 1 0 0 13.3584402165223 54.0852659536415 13.3584402165223 1
0 2 0 0 32.6456033713253 45.6345521321455 32.6456033713253 1
0 1 1 0 41.1763407432437 46.6504837372395 41.1763407432437 1
0 1 0 0 8.93667366855656 2.48870720371209 2.48870720371209 0
0 1 1 0 36.7760441767533 99.9743390566407 36.7760441767533 1
0 1 1 0 45.7358508654826 91.9018448579576 45.7358508654826 1
0 1 1 0 53.2482364908881 238.9602783015 50 0
0 2 1 0 55.1795838815815 117.27394781813 50 0
0 1 0 0 8.21721004472966 164.358333748457 8.21721004472966 1
0 2 0 0 25.2712526210594 9.82888245303429 9.82888245303429 0
0 2 0 0 8.89030996581298 66.1133898810425 8.89030996581298 1
0 1 1 0 25875.0285447527 79.656959096276 50 0
0 1 1 0 31.8947263456304 41.3804840538623 31.8947263456304 1
0 0 1 0 26.9544809985748 5.61260572710118 5.61260572710118 0
0 2 0 0 9.99890667726536 144.065079602481 9.99890667726536 1
0 1 0 0 8.32549210813902 44.8522961720967 8.32549210813902 1
0 2 0 0 269.658529908795 30.370558934315 30.370558934315 0
0 1 0 0 10.4856910438574 46.4829468845139 10.4856910438574 1
0 1 0 0 173.795184570198 183.18987605391 50 0
0 2 0 0 8.18517520497982 218.63135214279 8.18517520497982 1
0 2 1 0 197.596996625204 27.2925195075063 27.2925195075063 0
0 1 0 0 8.69111649070343 4.02404695807807 4.02404695807807 0
0 2 0 0 8.66458789821856 18.624744977352 8.66458789821856 1
0 2 1 0 75.3795098450681 2.1116494263994 2.1116494263994 0
0 2 0 0 14.8923894282689 16.8532177116697 14.8923894282689 1
0 2 1 0 235.615769750473 117.121673237408 50 0
0 2 0 0 18.1745301054359 161.279709041205 18.1745301054359 1
0 2 1 0 129.394494706593 4.89157144746639 4.89157144746639 0
0 2 1 0 235.354367176965 117.37402795556 50 0
0 1 0 0 13.0353123119599 22.6994137433505 13.0353123119599 1
0 1 0 0 14.9181643030925 331.049379380681 14.9181643030925 1
0 1 0 0 45.1933148021057 215.675799552903 45.1933148021057 1
0 2 1 0 1212.47286190567 20.5474546676997 20.5474546676997 0
0 2 0 0 774.57444762301 127.742154575507 50 0
0 2 1 0 59.5521036970698 48.3210607607398 48.3210607607398 0
0 2 0 0 7.6472915537217 0.727984446523725 0.727984446523725 0
0 0 1 0 48.574997841825 269.677949045966 48.574997841825 1
0 2 0 0 30.6333244644768 45.3387566466559 30.6333244644768 1
0 2 1 0 90.7362267194856 21.8129485725828 21.8129485725828 0
0 2 0 0 30.3632824170603 13.108781775041 13.108781775041 0
0 2 1 0 357.908639218251 61.2113558413652 50 0
0 1 1 0 26.8276942275576 121.284854966315 26.8276942275576 1
0 2 0 0 14.3145748776042 112.417837539513 14.3145748776042 1
0 1 0 0 7.67016754047928 32.8308290069725 7.67016754047928 1
0 1 0 0 56.0633259998765 77.2283353122665 50 0
0 2 0 0 15.5390211822689 28.7753556094056 15.5390211822689 1
0 0 0 0 9.37153023454924 52.4893129404608 9.37153023454924 1
0 2 0 0 63.2160137044326 14.1641274190913 14.1641274190913 0
0 1 0 0 187.745497379798 72.3193960012899 50 0
0 2 1 0 66.1411535507203 1.07090505828877 1.07090505828877 0
0 2 0 0 668.420229094475 60.0485653483546 50 0
0 0 1 0 132.630308734449 61.1777380985291 50 0
0 2 0 0 16.0486658576138 37.3957668532811 16.0486658576138 1
0 1 1 0 50.4274473102166 42.7543668901068 42.7543668901068 0
0 1 0 0 9.87302244061124 159.700248542965 9.87302244061124 1
0 0 1 0 84.5964542712463 58.6012132688179 50 0
0 2 1 0 102.630802505378 46.1418942986322 46.1418942986322 0
0 1 1 0 21.759086076014 155.892601639628 21.759086076014 1
0 2 0 0 18.576090087068 239.928992549314 18.576090087068 1
0 2 1 0 493.704941725821 20.6352036076335 20.6352036076335 0
0 1 0 0 15.1447313758962 237.893346406527 15.1447313758962 1
0 2 0 0 137.515556322669 552.152986899708 50 0
0 2 1 0 54.6895263206079 25.4477650190044 25.4477650190044 0
0 1 0 0 9.52463724435853 78.5851911961421 9.52463724435853 1
0 2 0 0 23.6100779353745 56.1039678874852 23.6100779353745 1
0 1 0 0 8.70437304237231 60.898362217286 8.70437304237231 1
0 1 1 0 22.6974405663356 382.445099034547 22.6974405663356 1
0 2 1 0 466.642751272655 20.0947627558179 20.0947627558179 0
0 1 1 0 48.6749120360217 33.3826105015481 33.3826105015481 0
0 2 1 0 177.693699527769 26.3293983832011 26.3293983832011 0
0 1 0 0 10.0033000991366 19.525367260113 10.0033000991366 1
0 2 1 0 68.9896604692534 283.653961670401 50 0
0 2 1 0 63.8846309701819 126.69288187679 50 0
0 1 1 0 56.4286107132721 92.9447062387165 50 0
0 1 1 0 39.7393392864282 4.73820167151977 4.73820167151977 0
0 1 1 0 23.4607377440617 44.7449401586543 23.4607377440617 1
0 1 0 0 8.53981466212282 242.607564667171 8.53981466212282 1
0 2 0 0 11.5196044180911 48.5568997898266 11.5196044180911 1
0 2 0 0 8.44500212408998 69.243786640053 8.44500212408998 1
0 0 1 0 13.7721688018148 13.083026259331 13.083026259331 0
0 2 1 0 1177.27430635751 16.6337928985462 16.6337928985462 0
0 1 0 0 73.6817471120388 181.399445439616 50 0
0 2 0 0 17.1453929158033 163.439390504136 17.1453929158033 1
0 1 0 0 25.228337362075 25.236373497821 25.228337362075 1
0 2 0 0 16.2746093775501 56.923747447877 16.2746093775501 1
0 1 0 0 21.024461993551 3.48655696975345 3.48655696975345 0
0 1 0 0 13.1995551712298 90.0399209929847 13.1995551712298 1
0 0 0 0 8.48342284251449 93.5138634605236 8.48342284251449 1
0 2 1 0 73.802212894853 6.71107294950907 6.71107294950907 0
0 1 1 0 26.2765709030818 85.9174599373171 26.2765709030818 1
0 1 1 0 54.6879206857172 4.32681715018721 4.32681715018721 0
0 1 1 0 47.4417653163553 19.3681451799031 19.3681451799031 0
0 1 1 0 22.6274295275272 15.5901883232873 15.5901883232873 0
0 2 1 0 119.649412497224 67.4444723857916 50 0
0 1 0 0 14.3380696956928 100.806184712872 14.3380696956928 1
0 2 0 0 228.982220971851 16.6907942654376 16.6907942654376 0
0 1 1 0 40.1652390785548 21.9033841880375 21.9033841880375 0
0 2 1 0 93.0149293640721 72.3318927853956 50 0
0 1 1 0 59.9015038614248 107.54905616055 50 0
0 2 0 0 7.47334962389184 1.24594748670489 1.24594748670489 0
0 1 0 0 12.1682522691742 26.5245827292575 12.1682522691742 1
0 1 0 0 9.2842435684781 104.430126502805 9.2842435684781 1
0 1 1 0 64.198973985621 43.4717683427119 43.4717683427119 0
0 2 1 0 346.448440332799 749.262366489867 50 0
0 2 0 0 21.739223488679 105.601718990862 21.739223488679 1
0 2 0 0 14.4568577918418 25.0071052563818 14.4568577918418 1
0 1 0 0 65.1728558655203 67.576284624738 50 0
0 2 0 0 11.4570856424152 45.3899351585895 11.4570856424152 1
0 2 0 0 10.4739490241767 24.3757408517541 10.4739490241767 1
0 2 1 0 424.347763476224 15.2053751292791 15.2053751292791 0
0 2 1 0 289.134639665747 95.5060300248426 50 0
0 1 1 0 22.2232075622852 444.265961744144 22.2232075622852 1
0 1 1 0 105.959320977259 22.9649920441386 22.9649920441386 0
0 2 0 0 42.5717789862789 64.923200464878 42.5717789862789 1
0 1 0 0 8.90799650676466 32.7201583836419 8.90799650676466 1
0 2 1 0 85.9827649537822 13.4959846141529 13.4959846141529 0
0 0 1 0 13.7569225395083 203.266863197417 13.7569225395083 1
0 1 1 0 34.2724390268292 15.5164471968672 15.5164471968672 0
0 1 0 0 17.3511077095247 11.8290644517808 11.8290644517808 0
0 1 1 0 41.9028909812003 14.0051557286919 14.0051557286919 0
0 0 1 0 7.62420191312541 8.7401704124956 7.62420191312541 1
0 2 1 0 146.430946214425 76.7182172172759 50 0
0 1 0 0 20.9448419931209 28.0398187943309 20.9448419931209 1
0 2 1 0 125.256160621489 137.117222316842 50 0
0 0 0 0 9.66191974089302 50.6175015776391 9.66191974089302 1
0 1 0 0 132.895512365866 20.7950513324463 20.7950513324463 0
0 2 1 0 146.609065258353 63.4374064759871 50 0
0 2 1 0 63.2708735669076 211.601331573577 50 0
0 2 1 0 163.757208185868 17.7953777038092 17.7953777038092 0
0 1 0 0 10.532074444679 39.717064396653 10.532074444679 1
0 2 0 0 15.7509954129151 206.471115402265 15.7509954129151 1
0 2 0 0 11.9342996638613 145.49013698467 11.9342996638613 1
0 2 0 0 13.7612542718425 339.460043789049 13.7612542718425 1
0 2 1 0 54.6535544747171 8.92256068403066 8.92256068403066 0
0 1 0 0 15.7729795283949 6.08441059687757 6.08441059687757 0
0 1 0 0 8.42446743606091 14.1902685499477 8.42446743606091 1
0 2 1 0 145.943026689679 71.6157368339971 50 0
0 2 1 0 79.0079276505136 177.372844002795 50 0
0 0 1 0 25.1683301170278 17.3100195859441 17.3100195859441 0
0 2 1 0 111.69271470275 120.580390855626 50 0
0 1 0 0 38.7794668504419 4.68896958565562 4.68896958565562 0
0 2 1 0 81.1370810672473 37.2511450099198 37.2511450099198 0
0 1 0 0 16.252076404187 71.141606478738 16.252076404187 1
0 1 0 0 11.2749005646465 78.8156908046917 11.2749005646465 1
0 2 0 0 11.1136730494683 74.5310668017373 11.1136730494683 1
0 0 1 0 9.89349617488601 72.4647063240113 9.89349617488601 1
0 2 0 0 8.93399213902777 17.7203973896267 8.93399213902777 1
0 1 0 0 42.4505367740967 26.1376433495353 26.1376433495353 0
0 2 1 0 59.3415160691585 301.41226597459 50 0
0 1 0 0 18.7908780201056 121.876560083426 18.7908780201056 1
0 1 1 0 122.162673262435 102.413054309297 50 0
0 2 0 0 7.40540862781298 37.6854207348642 7.40540862781298 1
0 0 1 0 10.4394355396783 18.6245716206692 10.4394355396783 1
0 1 0 0 18.5422227843479 105.179558011226 18.5422227843479 1
0 2 1 0 1104.21500448208 88.2511232724032 50 0
0 2 1 0 330.651566137977 59.4240030437465 50 0
0 0 0 0 7.65094268968219 95.8546032265304 7.65094268968219 1
0 2 1 0 139.737907926972 39.1285069228392 39.1285069228392 0
0 2 1 0 85.2578537240193 56.87662143006 50 0
0 0 1 0 27.1220132065659 76.3123776498933 27.1220132065659 1
0 2 0 0 10.6105766667451 45.9471628692666 10.6105766667451 1
0 1 0 0 16.9549613386802 60.9242046172645 16.9549613386802 1
0 2 1 0 94.6140624304067 17.5290769379499 17.5290769379499 0
0 0 0 0 12.4596973033335 12.7681685941058 12.4596973033335 1
0 0 0 0 11.40073961112 41.9518132207151 11.40073961112 1
0 1 0 0 32.4795811845917 93.0808122250772 32.4795811845917 1
0 0 0 0 415.71009480242 139.519361720217 50 0
0 1 1 0 27.13896428151 85.8436097615379 27.13896428151 1
0 2 0 0 10.2919625562941 66.5941433314931 10.2919625562941 1
0 2 1 0 85.9500631622518 78.7329469069783 50 0
0 1 0 0 9.14734827746938 131.968238064749 9.14734827746938 1
0 1 0 0 37.5450862509662 80.4903137423039 37.5450862509662 1
0 1 1 0 38.7828500741469 3.74377852069245 3.74377852069245 0
0 1 0 0 61.0522736292796 129.459556256843 50 0
0 2 1 0 97.9042837150371 96.4855719835872 50 0
0 2 0 0 7.70146759460194 88.045311527417 7.70146759460194 1
0 2 1 0 56.6811965700314 104.61007070458 50 0
0 2 0 0 9.66101972437454 21.8412343586817 9.66101972437454 1
0 1 1 0 59.0172163195098 85.9393626001681 50 0
0 2 0 0 48.5277961258567 75.8065597864964 48.5277961258567 1
0 1 0 0 11.7510309111715 38.8534310461479 11.7510309111715 1
0 1 0 0 11.9059057125379 114.504914590415 11.9059057125379 1
0 1 1 0 43.494970438507 94.8643309120584 43.494970438507 1
0 1 0 0 12.1475524828046 60.0493557377234 12.1475524828046 1
0 2 1 0 281.363323269295 168.497798500339 50 0
0 2 0 0 8.96821518709845 88.8186233232314 8.96821518709845 1
0 2 1 0 60.9387789160998 155.98443574078 50 0
0 2 0 0 10.0952733782416 5.1224394656688 5.1224394656688 0
0 1 0 0 20.3171164586276 12.4019466181712 12.4019466181712 0
0 2 1 0 25426.069854225 234.33347676668 50 0
0 2 0 0 7.66709546695033 43.6808724608967 7.66709546695033 1
0 1 0 0 9.05661522198427 192.891057566416 9.05661522198427 1
0 1 0 0 403.351430464062 63.2676736484759 50 0
0 2 1 0 194.016552739614 31.0873113034247 31.0873113034247 0
0 1 0 0 8.29773336351176 20.8322780976469 8.29773336351176 1
0 0 1 0 87.6858772866941 23.2146385656497 23.2146385656497 0
0 1 1 0 62.9706423407679 45.3536058002992 45.3536058002992 0
0 2 0 0 11.558909498116 176.490718693667 11.558909498116 1
0 2 1 0 62.9183628734363 100.360610431785 50 0
0 1 0 0 9.21721601359788 128.963583785164 9.21721601359788 1
0 2 1 0 187.923919492041 130.659889468742 50 0
0 2 1 0 104.937805723752 28.1430224731601 28.1430224731601 0
0 1 0 0 18.9831131473978 281.696286754099 18.9831131473978 1
0 1 0 0 20.4369181081279 205.586093693062 20.4369181081279 1
0 2 1 0 115.946102675988 31.7755616878393 31.7755616878393 0
0 2 0 0 27.4662884386014 9.3336511124745 9.3336511124745 0
0 1 0 0 8.65854205163604 69.8414542581143 8.65854205163604 1
0 2 0 0 58.535484400983 163.87150019899 50 0
0 2 0 0 9.65777821485038 99.1439637909184 9.65777821485038 1
0 2 1 0 72.8761299857623 215.911593559027 50 0
0 1 0 0 12.6522962901289 66.6627534585989 12.6522962901289 1
0 2 0 0 7.44578478111681 8.99695469572705 7.44578478111681 1
0 2 1 0 81.9053348075332 86.4210829679986 50 0
0 2 0 0 7.75542771362721 25.79194858628 7.75542771362721 1
0 0 1 0 23.9846271969008 71.1719735550482 23.9846271969008 1
0 0 0 0 32.4825478017906 8.76300641126343 8.76300641126343 0
0 2 0 0 150.494003038026 40.9802834548052 40.9802834548052 0
0 2 1 0 92.4618586330493 393.630925131605 50 0
0 2 0 0 27.3895711564123 75.6081568471598 27.3895711564123 1
0 0 0 0 7.64601179362177 61.5822197721261 7.64601179362177 1
0 2 0 0 9.56750773775417 30.1851709891672 9.56750773775417 1
0 2 0 0 12.8234674309732 21.1897504801115 12.8234674309732 1
0 0 0 0 7.60306192873999 28.2636528867591 7.60306192873999 1
0 1 0 0 10.1525385812596 114.93155329275 10.1525385812596 1
0 1 1 0 23.9897935938502 28.2547931236778 23.9897935938502 1
0 2 0 0 9.47475973114466 276.646520261312 9.47475973114466 1
0 2 0 0 17.8983112333433 106.619645714014 17.8983112333433 1
0 2 0 0 27.3638768238195 6.54586443733613 6.54586443733613 0
0 1 0 0 7.86680105913285 48.8338384361866 7.86680105913285 1
0 2 0 0 12.5669774888734 110.84556337665 12.5669774888734 1
0 1 0 0 15.5796905818852 3.60513623964088 3.60513623964088 0
0 2 1 0 68.0037977269775 113.895627615551 50 0
0 1 0 0 40.718015307324 24.0222147980901 24.0222147980901 0
0 0 1 0 18.1693455720547 135.864226677095 18.1693455720547 1
0 2 1 0 60.7439671586332 173.348432187073 50 0
0 1 1 0 59.9486704589627 28.7749254806832 28.7749254806832 0
0 2 1 0 63.4258476403682 3.4109482574239 3.4109482574239 0
0 1 1 0 39.703391163478 73.1168060587995 39.703391163478 1
0 2 0 0 8.37404239268041 32.8598419607287 8.37404239268041 1
0 2 0 0 7.6045486220875 24.2112324976979 7.6045486220875 1
0 2 1 0 2068.1359761114 50.8227273919479 50 0
0 1 0 0 9.79496945462482 62.5736714195103 9.79496945462482 1
0 1 1 0 76.9482379219262 112.950236559765 50 0
0 2 1 0 167.062951041477 198.04033724214 50 0
0 1 0 0 11.656324223168 34.4207406195185 11.656324223168 1
0 0 0 0 9.36368047181238 32.0123821411443 9.36368047181238 1
0 1 0 0 8.91309635080596 34.2066356862864 8.91309635080596 1
0 0 1 0 20.6756321711033 2.19538704612401 2.19538704612401 0
0 1 0 0 7.68136662419411 66.5071692303604 7.68136662419411 1
0 2 0 0 14.2381668510215 94.3223869847362 14.2381668510215 1
0 1 0 0 21.8445908313451 7.8896028381115 7.8896028381115 0
0 1 0 0 12.4867768347123 75.3240795624892 12.4867768347123 1
0 1 1 0 26.621862901832 184.288153877379 26.621862901832 1
0 2 0 0 17.9421458120873 165.284187902312 17.9421458120873 1
0 1 1 0 27.195708116951 106.660490219035 27.195708116951 1
0 1 0 0 14.2874294149504 22.2908815394207 14.2874294149504 1
0 2 0 0 8.89111762572454 148.8523845063 8.89111762572454 1
0 2 0 0 10.5436341306198 48.9086269256635 10.5436341306198 1
0 2 0 0 13.1517421124271 76.0703777635156 13.1517421124271 1
0 1 1 0 243.911157842649 61.5825819928378 50 0
0 0 1 0 16.5574769639988 234.019831198123 16.5574769639988 1
0 1 0 0 13.8197045655231 27.7979998487531 13.8197045655231 1
0 2 0 0 17.891685460705 20.0805249711522 17.891685460705 1
0 2 0 0 7.68534953694107 57.5825563594462 7.68534953694107 1
0 0 0 0 11.2560990010792 190.666862469498 11.2560990010792 1
0 1 1 0 63.541419884358 37.2956981499749 37.2956981499749 0
0 2 1 0 57.4193800978681 228.105988390723 50 0
0 1 0 0 10.8362540040359 206.475048113851 10.8362540040359 1
0 1 1 0 103.535154652854 2.55651386747748 2.55651386747748 0
0 2 0 0 27.0011107963515 121.607812443247 27.0011107963515 1
0 1 0 0 8.53843916923046 111.612003181615 8.53843916923046 1
0 1 1 0 33.7653081455744 166.600788728179 33.7653081455744 1
0 1 0 0 50.1762948955754 126.597872820921 50 0
0 2 1 0 76.7472129392227 176.545018669688 50 0
0 1 1 0 32.6599069329416 43.5662615890705 32.6599069329416 1
0 1 0 0 12.3072567791767 50.2053885031606 12.3072567791767 1
0 2 0 0 24.2502754711094 59.491793258066 24.2502754711094 1
0 1 0 0 19.4545768088825 27.5183469506557 19.4545768088825 1
0 2 0 0 64.4886315075588 395.165996127586 50 0
0 1 0 0 11.688336769379 437.678788309976 11.688336769379 1
0 2 1 0 110.310333350872 43.155636453804 43.155636453804 0
0 1 1 0 39.57119587517 70.8914552115732 39.57119587517 1
0 1 1 0 28.7961586270627 21.235825372383 21.235825372383 0
0 1 0 0 8.36657268350561 4.97436000879013 4.97436000879013 0
0 1 0 0 9.51413297035479 2.21692549297407 2.21692549297407 0
0 1 1 0 24.6294355339357 78.7839287844676 24.6294355339357 1
0 0 1 0 239.462509939049 37.4865716529004 37.4865716529004 0
0 2 0 0 464.073212158414 60.1054233069706 50 0
0 2 1 0 632.845223182361 231.160102619285 50 0
0 1 0 0 66.0998949988256 168.98994955247 50 0
0 1 0 0 12.7451677062795 81.2455993546288 12.7451677062795 1
0 1 1 0 50.3055859185384 88.2943394102744 50 0
0 1 0 0 69.3137759829698 80.6531653240208 50 0
0 1 1 0 42.4513969896182 21.788096016705 21.788096016705 0
0 2 1 0 90.6321323218183 52.6874378490158 50 0
0 1 1 0 21.8956831575322 299.735504337728 21.8956831575322 1
0 1 0 0 9.70654037781131 109.817928514396 9.70654037781131 1
0 2 1 0 77.4950776685731 93.0710626454359 50 0
0 1 0 0 368.786785022836 136.764689100387 50 0
0 1 1 0 66.9186410661274 3.11083941132145 3.11083941132145 0
0 0 1 0 9.06521511013042 65.3337499221273 9.06521511013042 1
0 1 1 0 21.609904665359 6.2083051377053 6.2083051377053 0
0 1 1 0 24.8707932450516 7.89032283059356 7.89032283059356 0
0 2 0 0 13.0886651720143 90.7431157980604 13.0886651720143 1
0 1 0 0 8.57921260997873 36.2446902868299 8.57921260997873 1
0 0 1 0 9.82615533262354 43.5691131818915 9.82615533262354 1
0 1 0 0 28.043460063495 17.6733016094975 17.6733016094975 0
0 2 1 0 157.332935133859 92.4322816605544 50 0
0 1 1 0 35.68843510861 128.543178850865 35.68843510861 1
0 1 1 0 31.3547084599705 126.39056757468 31.3547084599705 1
0 1 0 0 7.57917315188932 83.3332484018813 7.57917315188932 1
0 2 1 0 84.0583806330844 59.2958891151941 50 0
0 2 0 0 10.322952443635 18.9919428845824 10.322952443635 1
0 1 0 0 14.9230532004046 119.290874289968 14.9230532004046 1
0 1 1 0 21.3193963087844 59.3468878997045 21.3193963087844 1
0 1 0 0 17.523521959067 99.4584950982287 17.523521959067 1
0 2 0 0 23.3308339475014 59.2718151188855 23.3308339475014 1
0 1 0 0 11.1951029051937 32.8515198482178 11.1951029051937 1
0 1 0 0 27.8995925541691 9.21368983571282 9.21368983571282 0
0 0 1 0 16.3046543393804 187.366515489826 16.3046543393804 1
0 1 1 0 69.8866801583519 53.4966631821883 50 0
0 1 0 0 27.4375062714747 211.690579484271 27.4375062714747 1
0 2 1 0 519.214399636223 40.5739336500121 40.5739336500121 0
0 1 1 0 41.01920896014 23.9872068318135 23.9872068318135 0
0 1 1 0 73.7107100268049 152.661357944705 50 0
0 2 0 0 54.1554564523251 38.634703625424 38.634703625424 0
0 2 0 0 53.1358339078682 368.827949089386 50 0
0 1 1 0 24.9749887478497 57.4117168638884 24.9749887478497 1
0 2 0 0 8.55085371632735 47.5500368293922 8.55085371632735 1
0 2 1 0 1709.18275145607 133.666545878167 50 0
0 2 1 0 92.4388917823775 27.6021331742303 27.6021331742303 0
0 2 0 0 2610.11781138236 52.2971799639634 50 0
0 1 1 0 55.2559432496189 89.9214630868999 50 0
0 2 0 0 13.0644816672947 116.384665983572 13.0644816672947 1
0 1 1 0 187.172876924468 42.111595389357 42.111595389357 0
0 0 1 0 77.2107821050977 54.3238217508297 50 0
0 1 1 0 24.8555139423526 61.549511962047 24.8555139423526 1
0 2 1 0 78.4259542585316 198.498119724186 50 0
0 2 1 0 75.3944817227696 53.8234152450423 50 0
0 2 0 0 101.43695132436 59.304499745035 50 0
0 1 1 0 420.28447644295 108.780331611454 50 0
0 1 0 0 14.5196291677572 294.298480264366 14.5196291677572 1
0 2 0 0 32.8877615909385 5.8640459694981 5.8640459694981 0
0 1 0 0 67.985261356529 79.7298581371717 50 0
0 2 1 0 56.4042199758382 4.97137293983812 4.97137293983812 0
0 2 0 0 128.845085995822 148.911391864806 50 0
0 2 1 0 82.4356674332006 27.1708545379012 27.1708545379012 0
0 0 0 0 23.3004980145851 61.2848316189667 23.3004980145851 1
0 2 1 0 73.1217441307509 2.21148647274833 2.21148647274833 0
0 2 1 0 237.385449157775 110.282410063407 50 0
0 1 0 0 10.1881677984422 9.93885890460853 9.93885890460853 0
0 2 0 0 11.0445778610247 11.6007290968747 11.0445778610247 1
0 0 1 0 19.8783342060708 26.211327139176 19.8783342060708 1
0 1 1 0 38.5698091484702 47.7570080160049 38.5698091484702 1
0 2 1 0 157.456429277629 64.3236711653526 50 0
0 2 0 0 18.0447478655387 19.8475096497188 18.0447478655387 1
0 1 0 0 7.51841388585038 32.0064198205142 7.51841388585038 1
0 0 0 0 76.9268478199003 13.1746092995993 13.1746092995993 0
0 1 1 0 2695.97110827779 1.23951708788453 1.23951708788453 0
0 1 1 0 30.5573548019362 39.8035404475961 30.5573548019362 1
0 0 1 0 12.0222685832185 32.9400581954295 12.0222685832185 1
0 0 0 0 35.725810341059 27.5120525855699 27.5120525855699 0
0 2 0 0 9.08603883016508 142.255131062418 9.08603883016508 1
0 1 1 0 31.2558665552818 194.328356729663 31.2558665552818 1
0 1 1 0 25.904401752683 26.2784597251599 25.904401752683 1
0 2 1 0 941.127652723638 15.891303059742 15.891303059742 0
0 1 0 0 84.2427295578756 4.31584310783289 4.31584310783289 0
0 2 1 0 273.340044745272 22.0164328189888 22.0164328189888 0
0 1 0 0 12.4799303240278 0.64124164855321 0.64124164855321 0
0 2 1 0 877.118280112903 37.0071503451244 37.0071503451244 0
0 1 0 0 355.701582963188 305.452541311191 50 0
0 1 1 0 629.609336966345 18.6330827159498 18.6330827159498 0
0 2 0 0 9.4144151024734 80.7867763425358 9.4144151024734 1
0 1 1 0 51.232072764502 7.06725531350554 7.06725531350554 0
0 2 1 0 944.545801967271 242.256493832476 50 0
0 2 1 0 283.934221229587 95.0341230212652 50 0
0 2 0 0 23.5450059495658 17.3457258327547 17.3457258327547 0
0 1 1 0 28.1494594175827 400.848653463775 28.1494594175827 1
0 1 1 0 62.7090029650414 95.2665464736924 50 0
0 2 0 0 8.27087485589249 121.850435524545 8.27087485589249 1
0 1 0 0 80.8508725456181 31.2531526165513 31.2531526165513 0
0 1 1 0 27.8301397532165 78.5434929905222 27.8301397532165 1
0 1 1 0 28.2198372909122 106.044178394066 28.2198372909122 1
0 2 1 0 91.2102826782174 30.1084910327724 30.1084910327724 0
0 2 0 0 9.55688924853891 150.39225532299 9.55688924853891 1
0 2 1 0 59.6934699335016 14.2453102562037 14.2453102562037 0
0 1 1 0 22.2696309164181 96.9684947825471 22.2696309164181 1
0 1 1 0 34.2263317620751 115.943232249442 34.2263317620751 1
0 1 0 0 8.12100545103486 262.385711416776 8.12100545103486 1
0 0 1 0 16.3492008830565 36.1236108568546 16.3492008830565 1
0 2 0 0 38.8098780465206 3.09023679567702 3.09023679567702 0
0 2 1 0 63.7414000257353 122.639065534607 50 0
0 2 0 0 17.4077836984499 60.1108635454715 17.4077836984499 1
0 2 1 0 867.513621529251 87.6307359874684 50 0
0 2 1 0 86.8035281589314 90.386939744381 50 0
0 0 0 0 10.674418076693 60.3427903601704 10.674418076693 1
0 2 1 0 253.435392646936 12.1906773586413 12.1906773586413 0
0 1 0 0 8.3437987423622 76.4644371228821 8.3437987423622 1
0 1 0 0 52.1799393670171 47.8232448029455 47.8232448029455 0
0 1 1 0 99.1608988502198 48.1372153488236 48.1372153488236 0
0 1 0 0 23.3610518342606 83.974158269167 23.3610518342606 1
0 2 0 0 8.81613291477527 13.3150174186821 8.81613291477527 1
0 1 0 0 22.5399954445208 31.320043869835 22.5399954445208 1
0 2 1 0 56.2478649351679 71.0782050896132 50 0
0 2 0 0 14.3218195084545 17.9562239194202 14.3218195084545 1
0 1 1 0 73.3926119797697 133.713311614754 50 0
0 1 0 0 21.5512954141745 21.0818334476316 21.0818334476316 0
0 2 0 0 11.4608985585358 2.95673260300893 2.95673260300893 0
0 1 0 0 7.73983821038414 91.4041467706707 7.73983821038414 1
0 1 0 0 71.889659098614 42.9100218533118 42.9100218533118 0
0 1 1 0 32.2876018954755 201.135585075158 32.2876018954755 1
0 0 1 0 17.134971325761 73.8532825337775 17.134971325761 1
0 1 1 0 21.8287407611041 81.4203959439128 21.8287407611041 1
0 2 0 0 10.7801020509776 13.6931262172654 10.7801020509776 1
0 2 1 0 535.260070250905 15.1281701927264 15.1281701927264 0
0 2 1 0 224.826604565332 16.2116720139942 16.2116720139942 0
0 1 0 0 187.253986228644 36.3778228931037 36.3778228931037 0
0 1 1 0 28.5419924621889 189.335176919628 28.5419924621889 1
0 1 1 0 22.6823705636011 47.3506582740271 22.6823705636011 1
0 1 0 0 18.0960626926948 238.72334865982 18.0960626926948 1
0 1 0 0 11.2948241351083 64.4386590039235 11.2948241351083 1
0 1 0 0 25.7714629150839 41.9394073689412 25.7714629150839 1
0 2 0 0 19.5374262548259 43.511568546616 19.5374262548259 1
0 0 1 0 10.6548364230896 42.6608542681094 10.6548364230896 1
0 2 0 0 11.545459008643 68.8343247278462 11.545459008643 1
0 2 1 0 96.7410200728682 26.3823223053038 26.3823223053038 0
0 0 0 0 41.9385174702783 35.3897209942949 35.3897209942949 0
0 2 0 0 160.665568235616 56.5806431459829 50 0
0 2 1 0 82.361149280898 23.7165693845194 23.7165693845194 0
0 1 0 0 10.9565904158017 156.113852418214 10.9565904158017 1
0 1 1 0 566.054754235509 14.6389822309397 14.6389822309397 0
0 1 1 0 29.5700754728692 14.8096535000479 14.8096535000479 0
0 2 0 0 7.83379396019277 288.135065246746 7.83379396019277 1
0 0 1 0 8.39756037467522 135.485570505138 8.39756037467522 1
0 1 1 0 60.7142022262113 0.677329411278049 0.677329411278049 0
0 1 1 0 23.5621501098208 34.6355164800938 23.5621501098208 1
0 1 0 0 15.5770807378923 261.06962821233 15.5770807378923 1
0 1 0 0 13.6518267392604 38.9369275303459 13.6518267392604 1
0 1 0 0 8.68477888767016 2.44595256032878 2.44595256032878 0
0 1 1 0 29.0294134175691 62.6731596683258 29.0294134175691 1
0 1 1 0 82.6141470186019 77.9415675750041 50 0
0 2 0 0 10.0277374935536 254.516572908727 10.0277374935536 1
0 1 1 0 133.941517939932 27.6673870475316 27.6673870475316 0
0 1 0 0 30.2874500906355 217.672725468556 30.2874500906355 1
0 1 1 0 20.1598500194532 11.6885652958805 11.6885652958805 0
0 1 1 0 320.503455436797 261.940649109747 50 0
0 2 0 0 10.3917323230099 0.0946855748232958 0.0946855748232958 0
0 2 1 0 160.150255816385 275.325394665739 50 0
0 1 0 0 11.2101345487666 130.164839231196 11.2101345487666 1
0 1 1 0 25.5668931488195 1.86623655673284 1.86623655673284 0
0 2 0 0 22.0048997131677 10.1856332785912 10.1856332785912 0
0 1 1 0 125.828044614733 96.1284254983046 50 0
0 2 1 0 233.275532426527 14.1919584788896 14.1919584788896 0
0 1 1 0 132.858972752706 157.086825533234 50 0
0 2 1 0 61.2547888318118 165.774438340565 50 0
0 2 0 0 9.17615796233291 29.4325387828632 9.17615796233291 1
0 1 1 0 29.29069164041 112.05872618 29.29069164041 1
0 2 1 0 681.720860904398 98.3604506900903 50 0
0 0 0 0 18.612077682341 43.620655501323 18.612077682341 1
0 2 1 0 163.158226711212 9.9621594391758 9.9621594391758 0
0 2 1 0 168.998253817102 13.4707158323921 13.4707158323921 0
0 1 1 0 63.0523981477264 198.119657123567 50 0
0 2 1 0 77.4101144611893 141.647648873864 50 0
0 1 1 0 39.101799723944 17.7301979189898 17.7301979189898 0
0 1 0 0 27.0400115590966 23.6793232746371 23.6793232746371 0
0 2 1 0 195.664825258645 14.3563041467201 14.3563041467201 0
0 2 1 0 54.7477338356223 1.59590177604365 1.59590177604365 0
0 2 1 0 86.4628167234334 8.92451618151623 8.92451618151623 0
0 1 0 0 19.5077747803462 38.3012101225566 19.5077747803462 1
0 1 0 0 65.9778429204633 69.9819253934046 50 0
0 2 0 0 8.14844549691259 25.8413221307866 8.14844549691259 1
0 2 0 0 8.6028710223655 5.53039513865241 5.53039513865241 0
0 2 1 0 195.780918571404 300.361954532645 50 0
0 2 0 0 49.2476597899735 26.7139247024334 26.7139247024334 0
0 0 1 0 12.2942195978053 56.7808462166379 12.2942195978053 1
0 1 0 0 10.0228192832234 66.0125829868959 10.0228192832234 1
0 1 0 0 104.620899459099 84.3405191699503 50 0
0 2 0 0 7.99046379367067 33.8267280976891 7.99046379367067 1
0 1 1 0 28.1141742769667 11.5452486830729 11.5452486830729 0
0 1 1 0 41.2445380263734 13.7924241884587 13.7924241884587 0
0 2 1 0 316.670254789858 112.057449635492 50 0
0 2 0 0 11.2998740966649 175.822051421569 11.2998740966649 1
0 2 0 0 9.48457904663364 63.3060827785275 9.48457904663364 1
0 1 1 0 35.428203193868 81.1408086563266 35.428203193868 1
0 1 0 0 12.9705197414958 35.0638771807771 12.9705197414958 1
0 2 0 0 8.44555948248446 216.806126119616 8.44555948248446 1
0 0 0 0 8.45760603992448 23.7667454453802 8.45760603992448 1
0 0 1 0 28.9159700819426 85.0205654498556 28.9159700819426 1
0 1 0 0 123.72668550469 148.272721847504 50 0
0 2 1 0 77.9257959030273 47.3480085940081 47.3480085940081 0
0 0 1 0 35.3847489026533 2.21015956678677 2.21015956678677 0
0 1 1 0 47.376572919673 41.2542501468726 41.2542501468726 0
0 2 1 0 73.5688311193881 237.363380443487 50 0
0 2 0 0 137.11955198941 89.452061431796 50 0
0 1 1 0 64.8223226586572 92.4728121652297 50 0
0 1 1 0 34.1663638466841 130.849234874396 34.1663638466841 1
0 1 1 0 2471.50156705855 115.933927531502 50 0
0 2 0 0 12.1451405088975 35.4935698345408 12.1451405088975 1
0 1 1 0 363.117371136152 102.164876522471 50 0
0 1 1 0 127.121970786672 15.7524231765596 15.7524231765596 0
0 1 1 0 4262.32175795162 131.289364980215 50 0
0 1 0 0 80.5792022819588 14.4167146299115 14.4167146299115 0
0 1 1 0 40.3871536848412 16.9729894855386 16.9729894855386 0
0 1 0 0 12.0294028470777 25.5820347924685 12.0294028470777 1
0 1 0 0 10.4755838259412 22.4662013313719 10.4755838259412 1
0 2 1 0 85.8661302777814 61.220060788758 50 0
0 1 0 0 9.85630243257091 41.9427238069598 9.85630243257091 1
0 1 1 0 41.5955560736719 126.903440576423 41.5955560736719 1
0 1 0 0 11.3525966152706 12.1390018439163 11.3525966152706 1
0 1 0 0 12.9437200623993 114.03122985351 12.9437200623993 1
0 2 0 0 11.9491040937871 3.42976797037181 3.42976797037181 0
0 2 1 0 119.895008903691 275.487794622616 50 0
0 0 1 0 26.5617358924812 1.31921122408619 1.31921122408619 0
0 0 0 0 11.6645428508707 266.390346067354 11.6645428508707 1
0 1 0 0 8.35377485484581 215.577660074863 8.35377485484581 1
0 2 0 0 9.0403224389729 81.9286904355467 9.0403224389729 1
0 2 1 0 1718.99917269551 23.2303499058575 23.2303499058575 0
0 1 1 0 48.3199380290265 11.0419739670528 11.0419739670528 0
0 2 0 0 11.8805156532162 0.450942640720553 0.450942640720553 0
0 1 0 0 23.0030265931937 30.7077208675391 23.0030265931937 1
0 0 1 0 7.87156138503794 20.0716184380658 7.87156138503794 1
0 1 1 0 38.6986364955074 3.05766347817419 3.05766347817419 0
0 2 1 0 333.882756559117 97.9138075890276 50 0
0 2 1 0 123.579530793306 57.7666528573697 50 0
0 2 0 0 10.1971690004235 30.6634625738849 10.1971690004235 1
0 1 1 0 88.4884798226116 19.7156848883986 19.7156848883986 0
0 1 0 0 8.82986104282504 28.2438422888704 8.82986104282504 1
0 2 0 0 8.64431771163347 128.169387382095 8.64431771163347 1
0 1 0 0 9.98915104152231 4.49844144760175 4.49844144760175 0
0 1 0 0 19.3770561811275 172.123480835596 19.3770561811275 1
0 1 0 0 11.6371736597 40.5692831951529 11.6371736597 1
0 1 0 0 10.6163115139767 27.2410472466248 10.6163115139767 1
0 2 0 0 44.8704068940662 45.2887299490899 44.8704068940662 1
0 2 1 0 517.979074685583 74.6159272795454 50 0
0 2 0 0 14.1543858192586 80.0248501678674 14.1543858192586 1
0 1 0 0 232.125403036764 5.00637738227389 5.00637738227389 0
0 1 1 0 39.4469025720526 235.571557455897 39.4469025720526 1
0 1 1 0 1064.27605627359 248.216333503411 50 0
0 2 0 0 11.0497517659541 115.472083453133 11.0497517659541 1
0 1 0 0 79.6121424690449 103.875729423439 50 0
0 2 1 0 927.893093193253 47.7292220357762 47.7292220357762 0
0 0 1 0 8.12357086585345 118.537550002194 8.12357086585345 1
0 2 0 0 9.09157901232657 39.0639757868896 9.09157901232657 1
0 1 1 0 51.3240992825711 40.26478496043 40.26478496043 0
0 1 0 0 13.9941886937245 211.851517266406 13.9941886937245 1
0 2 0 0 13.3663220268897 118.972576617346 13.3663220268897 1
0 2 1 0 168.097910310366 119.901520757106 50 0
0 1 1 0 41.2264617378996 67.0800533976668 41.2264617378996 1
0 2 0 0 40.7202136880821 4.06054425783959 4.06054425783959 0
0 0 1 0 11.0248444209573 8.93554332156185 8.93554332156185 0
0 0 1 0 25.6695498693091 104.8035532997 25.6695498693091 1
0 0 1 0 29.1627433395172 511.184879413609 29.1627433395172 1
0 1 1 0 255.729342337871 88.8885422700833 50 0
0 2 1 0 77.8733007697621 199.87400043679 50 0
0 2 0 0 9.00343532753035 32.7267025407066 9.00343532753035 1
0 1 0 0 8.08062734525713 108.175397919519 8.08062734525713 1
0 0 1 0 35.6837953348734 189.782953670277 35.6837953348734 1
0 2 1 0 56.1289737382703 49.1964909877596 49.1964909877596 0
0 1 0 0 14.4828726950573 38.766991618714 14.4828726950573 1
0 1 1 0 493.420263292006 49.273862334885 49.273862334885 0
0 2 1 0 185.661318986704 13.1895134679344 13.1895134679344 0
0 1 1 0 24.0562926531227 113.578248729573 24.0562926531227 1
0 2 1 0 57.660314416544 2.18982452210262 2.18982452210262 0
0 2 0 0 21.5096665210386 52.2967633222362 21.5096665210386 1
0 1 0 0 10.9537958261188 114.467170130048 10.9537958261188 1
0 1 0 0 70.0827966514473 179.189552239909 50 0
0 2 0 0 98.240557545231 66.2042165280699 50 0
0 1 0 0 10.2445902987333 45.1767197897251 10.2445902987333 1
0 2 0 0 20.6507579479894 223.25303699392 20.6507579479894 1
0 2 1 0 54.6093220539085 65.2722817925708 50 0
0 2 1 0 117.545276313746 104.307242020641 50 0
0 2 1 0 181.746175797948 195.313279060884 50 0
0 0 1 0 10.939918443255 13.7424323039663 10.939918443255 1
0 2 0 0 15.4020262817475 60.0198704121669 15.4020262817475 1
0 1 0 0 19.2581656136994 27.3001275666107 19.2581656136994 1
0 2 0 0 12.5142369093905 211.775779427391 12.5142369093905 1
0 2 1 0 190.302635651161 83.724278740058 50 0
0 1 1 0 35.8242800333712 99.6794063700878 35.8242800333712 1
0 1 0 0 11.1828771578588 2.8880138238553 2.8880138238553 0
0 2 1 0 270.559311436531 24.2169555739661 24.2169555739661 0
0 1 1 0 25.3255128716992 49.860795627898 25.3255128716992 1
0 2 1 0 239.396664116822 6.96815376883893 6.96815376883893 0
0 1 0 0 17.709361506615 320.572525183537 17.709361506615 1
0 1 1 0 37.3268065243946 65.848645789186 37.3268065243946 1
0 0 0 0 410.288122571583 94.0054502306579 50 0
0 1 1 0 27.4211154102695 146.837193719975 27.4211154102695 1
0 0 0 0 9.17288388719569 8.38235714768181 8.38235714768181 0
0 1 1 0 32.8227308564692 94.8800419397742 32.8227308564692 1
0 2 0 0 13.2646287946471 90.4152760676079 13.2646287946471 1
0 1 0 0 11.9858653007402 1.25089180746309 1.25089180746309 0
0 2 1 0 68.526729095162 94.2464105666768 50 0
0 1 0 0 73.7912795044189 26.7715395132206 26.7715395132206 0
0 1 1 0 26.5740761271181 53.5684307431184 26.5740761271181 1
0 2 0 0 39.1689165848319 459.544689963436 39.1689165848319 1
0 0 1 0 9.17002671270568 67.3672236856139 9.17002671270568 1
0 1 0 0 13.1865911158391 50.4846290375513 13.1865911158391 1
0 2 1 0 66.0269817189588 39.4470964629065 39.4470964629065 0
0 0 0 0 10.338380652343 192.879113942922 10.338380652343 1
0 2 1 0 133.039671911463 92.3782485585528 50 0
0 2 0 0 14.1589873434718 59.9962848161909 14.1589873434718 1
0 2 1 0 63.3454343445666 143.374794447988 50 0
0 2 1 0 162.544094484507 7.35097107079512 7.35097107079512 0
0 1 0 0 9.60287564853564 97.258952086115 9.60287564853564 1
0 1 0 0 9.50873490352329 26.3140687972961 9.50873490352329 1
0 2 1 0 75.9502405284553 18.4499441045644 18.4499441045644 0
0 2 1 0 89.0617173036976 2.32814885543371 2.32814885543371 0
0 1 0 0 11.4287071030284 104.130438754345 11.4287071030284 1
0 1 1 0 22.0426402113379 48.8686155748113 22.0426402113379 1
0 2 0 0 241.687387330267 11.5538405802879 11.5538405802879 0
0 1 0 0 27.7317316632806 148.222588249305 27.7317316632806 1
0 2 0 0 19.817465268392 13.8198604602856 13.8198604602856 0
0 2 1 0 60.6079149884253 49.4978713851045 49.4978713851045 0
0 2 0 0 22.2073611033522 268.517309912014 22.2073611033522 1
0 2 0 0 8.12989650150163 8.71755250232708 8.12989650150163 1
0 2 0 0 22.0181526826946 38.5687141780283 22.0181526826946 1
0 1 0 0 35.6333244568642 193.511063623074 35.6333244568642 1
0 2 0 0 9.81395194422262 0.585075351489238 0.585075351489238 0
0 1 0 0 8.83457931627865 158.900918056338 8.83457931627865 1
0 1 1 0 21.3065757029952 47.5193299621035 21.3065757029952 1
0 2 0 0 11.2139461660687 188.368508064683 11.2139461660687 1
0 2 1 0 102.534815345729 62.1722586691165 50 0
0 2 1 0 142.701661951063 133.050887374491 50 0
0 1 1 0 271.602654688923 300.460151481467 50 0
0 1 0 0 10.492749757441 430.045071324186 10.492749757441 1
0 1 0 0 9.66293676949797 117.744723545961 9.66293676949797 1
0 2 1 0 62.9133061540373 141.593365610174 50 0
0 1 0 0 20.8329824513405 1.80195986929102 1.80195986929102 0
0 0 0 0 166.472253160004 57.2865259502922 50 0
0 2 1 0 79.450711479535 118.436990704029 50 0
0 1 1 0 42.7007316784242 103.575495069244 42.7007316784242 1
0 1 0 0 20.9734078738433 85.2905823108688 20.9734078738433 1
0 1 0 0 11.4291914609931 173.804087186471 11.4291914609931 1
0 1 0 0 244.584659635864 31.6580857177214 31.6580857177214 0
0 2 0 0 60.7327566366903 113.997202184072 50 0
0 2 0 0 14.5638085683149 9.46220414696785 9.46220414696785 0
0 2 1 0 70.3100342063289 99.9181079841386 50 0
0 1 0 0 13.1782309914002 84.7496857439087 13.1782309914002 1
0 1 0 0 7.63969766528978 80.0767088180994 7.63969766528978 1
0 1 1 0 40.1389349218516 91.8450405914147 40.1389349218516 1
0 2 1 0 68.0964722910788 85.1262467762562 50 0
0 0 1 0 411.655949966739 116.501298582147 50 0
0 2 1 0 153.307521406029 39.640800373278 39.640800373278 0
0 2 0 0 349.128724551017 158.503780317918 50 0
0 1 0 0 7.77140480607474 10.3837143376988 7.77140480607474 1
0 2 1 0 1521.95387706436 23.8054162512405 23.8054162512405 0
0 2 0 0 22.1229077733297 82.6781767368574 22.1229077733297 1
0 1 1 0 24.200009314656 0.125001263981138 0.125001263981138 0
0 2 1 0 134.965127370555 137.438742059546 50 0
0 1 0 0 14.3059074236513 61.8191448960458 14.3059074236513 1
0 2 0 0 83.6832391221728 99.0905874054302 50 0
0 0 1 0 12.3121649312172 3.96566904907696 3.96566904907696 0
0 2 1 0 90.5292781987855 8.18388395558256 8.18388395558256 0
0 1 1 0 188.727124111071 141.44965632266 50 0
0 2 0 0 7.90809653130508 45.8406769179958 7.90809653130508 1
0 1 1 0 85.6192656299552 84.4503126795839 50 0
0 2 0 0 11.1868928982757 205.790416744437 11.1868928982757 1
0 1 0 0 33.5949129540643 74.6978485833366 33.5949129540643 1
0 1 1 0 64.4798009204319 38.5794883732314 38.5794883732314 0
0 2 0 0 7.71153446098728 4.61534308415843 4.61534308415843 0
0 1 0 0 9.37257248749623 280.057555615491 9.37257248749623 1
0 2 1 0 66.8254979653336 36.4138791534657 36.4138791534657 0
0 1 1 0 44.6293909953898 18.2836922345189 18.2836922345189 0
0 2 1 0 504.987612294799 19.3774800658028 19.3774800658028 0
0 2 0 0 13.3778483863494 12.3335162282858 12.3335162282858 0
0 2 1 0 60.202975802406 108.86211291266 50 0
0 2 0 0 52.8161683486368 4.54838796879305 4.54838796879305 0
0 1 0 0 10.0795956341981 11.0123811044492 10.0795956341981 1
0 1 0 0 9.98405888647249 1.35604093201948 1.35604093201948 0
0 1 1 0 51.6688290142169 549.778827985259 50 0
0 2 0 0 12.9232704061288 47.047592498314 12.9232704061288 1
0 0 1 0 12.4398633738851 75.3432363874344 12.4398633738851 1
0 2 0 0 55.8824512735419 125.148030884291 50 0
0 2 0 0 152.005283433606 6.45370217725729 6.45370217725729 0
0 2 1 0 436.803861034319 33.4415620417263 33.4415620417263 0
0 2 1 0 66.3665296409298 239.335357758024 50 0
0 1 1 0 30.8611230033353 41.7461059429999 30.8611230033353 1
0 1 0 0 10.7359404219077 9.13101424904903 9.13101424904903 0
0 2 0 0 7.82933479299841 65.3329875014006 7.82933479299841 1
0 0 1 0 25.0530946242994 38.382715823891 25.0530946242994 1
0 2 1 0 59.421546413189 61.1757011790116 50 0
0 2 1 0 115.902284326421 14.9961014473233 14.9961014473233 0
0 1 0 0 70.3746559583557 53.7583387662078 50 0
0 1 0 0 9.80753950264607 130.414634709367 9.80753950264607 1
0 2 0 0 135.388331084089 52.8760119146972 50 0
0 2 0 0 11.8899149414085 13.9618735832724 11.8899149414085 1
0 1 0 0 8.37582659728868 23.6616756204573 8.37582659728868 1
0 2 0 0 43.7334985290354 10.9006635616183 10.9006635616183 0
0 2 0 0 8.95393942851157 155.486236004502 8.95393942851157 1
0 2 0 0 48.7637693771618 18.9810250885002 18.9810250885002 0
0 2 1 0 69.4698667321004 307.385309744529 50 0
0 2 1 0 123.133825905001 165.627473029453 50 0
0 1 0 0 9.05205222429903 169.707481651272 9.05205222429903 1
0 2 1 0 272.496185427607 27.1655340500784 27.1655340500784 0
0 2 0 0 127.258393955991 26.1419499744402 26.1419499744402 0
0 1 1 0 26.5984240710392 103.963091685934 26.5984240710392 1
0 1 1 0 230.900196920408 12.3301320477234 12.3301320477234 0
0 2 1 0 61.1921819209539 8.91493181873825 8.91493181873825 0
0 0 0 0 33.3921977562441 1.09966419647032 1.09966419647032 0
0 1 0 0 37.3722185231187 90.6179744262273 37.3722185231187 1
0 1 0 0 11.4701252742325 188.236199255242 11.4701252742325 1
0 1 0 0 25.5932710092454 304.79750754081 25.5932710092454 1
0 2 0 0 8.28929515286561 59.847974221125 8.28929515286561 1
0 2 1 0 3445.44964971725 10.9290941603448 10.9290941603448 0
0 2 1 0 56.2743749397289 73.5636184366863 50 0
0 1 1 0 321.732087875141 80.1360453689267 50 0
0 2 0 0 246.839934966463 30.9056778767392 30.9056778767392 0
0 1 1 0 37.0387832991061 25.2951049394988 25.2951049394988 0
0 1 1 0 60.7875053705799 92.7310673256828 50 0
0 2 0 0 51.4789704773059 92.7115099379445 50 0
0 2 1 0 111.778722875654 143.160263602384 50 0
0 2 0 0 94.5166433328784 19.544812495076 19.544812495076 0
0 2 1 0 59.3638581408449 22.6608882825905 22.6608882825905 0
0 2 0 0 17.1394002045724 25.2288682894233 17.1394002045724 1
0 1 0 0 15.1018681900025 262.638783807631 15.1018681900025 1
0 2 1 0 128.252213036176 123.248607247303 50 0
0 2 0 0 18.4274349553068 0.143163896841623 0.143163896841623 0
0 1 0 0 10.1446114882944 29.768220156313 10.1446114882944 1
0 0 1 0 13.5417455682088 44.4747304829247 13.5417455682088 1
0 2 0 0 12.2190900762959 200.794749168736 12.2190900762959 1
0 2 1 0 874.511052957432 20.5802258361944 20.5802258361944 0
0 0 1 0 58.7898217818369 3.94510805075031 3.94510805075031 0
0 2 0 0 21.6516002071682 82.693446463509 21.6516002071682 1
